679
654
311
790
338
858
239
297
843
775
705
404
738
827
717
471
350
586
699
768
843
751
791
820
737
736
692
225
658
408
427
508
252
385
387
528
723
471
429
715
770
199
262
719
298
737
208
578
393
623
783
279
418
511
530
277
340
567
378
580
536
605
485
708
305
721
633
539
578
204
229
772
694
401
800
443
173
575
230
219
372
331
260
397
475
375
214
759
665
301
362
640
523
409
455
194
181
275
681
585
626
729
697
532
478
454
286
756
693
662
218
688
703
614
364
248
395
578
431
169
355
703
355
620
391
489
374
564
541
140
294
711
217
419
743
496
390
120
650
448
183
564
166
267
720
157
142
330
553
180
162
676
374
628
559
497
105
117
404
642
538
398
365
572
341
436
237
373
653
395
82
406
265
267
545
122
659
476
446
194
226
656
75
326
204
151
363
206
185
258
265
129
662
373
426
91
265
621
237
571
531
627
560
184
658
651
548
496
243
661
251
626
305
564
116
544
659
548
98
538
506
287
49
607
17
162
240
86
422
280
496
137
102
212
300
623
138
543
621
549
202
309
631
207
408
483
114
174
261
459
548
603
172
288
202
500
545
311
137
34
153
10
530
591
311
9
21
323
580
546
342
513
216
253
177
409
373
453
152
6
387
347
88
117
226
-30
572
412
358
92
378
567
316
466
341
297
435
39
369
201
173
426
158
297
-12
109
258
306
533
-28
487
22
99
521
-59
329
560
165
464
153
445
39
210
33
274
439
241
480
209
530
-76
400
155
344
281
2
284
-50
484
270
300
-69
46
518
170
-7
-81
409
-97
358
-72
304
524
184
71
153
456
-89
362
231
30
440
-53
481
420
52
45
409
176
-23
-124
343
-72
296
43
476
-43
371
226
131
296
206
127
-12
251
38
78
396
469
60
65
465
-14
-114
268
27
129
260
64
381
367
243
199
306
147
135
-32
110
-155
462
-15
93
178
63
290
285
299
-84
429
255
73
457
-28
97
218
-174
139
170
-2
291
342
286
405
45
-35
125
175
431
-31
-101
177
-81
106
258
425
125
342
159
334
-5
-137
389
140
-128
278
262
414
104
420
125
-57
-180
194
-7
289
325
24
245
156
34
-14
-65
-12
296
384
61
-47
391
-67
334
329
80
24
31
30
392
-108
-164
-14
-137
-88
99
194
93
-80
375
7
374
-242
-245
189
220
218
-153
249
277
-151
310
339
156
199
265
-5
-10
-144
-104
90
-269
39
-234
-278
-99
17
-102
-270
211
12
-276
90
34
7
-296
17
322
-38
231
112
218
-196
-219
155
-292
-118
7
-267
284
-205
-77
-265
316
-39
-281
-249
242
263
0
-227
-235
86
-275
-239
-143
-316
-135
-318
88
141
27
-13
264
301
-293
86
41
-274
-118
49
-22
288
-311
18
212
169
-225
-322
20
-276
181
279
-152
-337
-224
18
87
194
-124
233
250
-186
141
24
-126
-22
-234
187
-370
-95
29
81
139
215
152
-303
55
26
135
-224
109
-318
188
257
126
106
162
-32
233
-241
-271
-194
60
-199
-266
-243
146
-385
125
-220
-24
57
-63
154
22
165
-353
70
-64
73
-276
-248
90
55
177
-320
-38
145
85
-211
114
106
193
111
-1
158
-290
-424
-240
3
100
-2
-112
-433
-347
-156
-178
42
-317
118
102
176
-70
51
-386
-263
13
-297
59
-192
30
-65
-121
116
14
-327
-253
32
-305
-280
-247
-142
-166
-213
-209
-399
-346
-306
13
-362
-28
-8
123
-347
-15
-247
-433
-235
-372
131
-164
49
-216
-168
34
-437
-101
128
-145
-263
23
5
118
-293
-231
-233
-404
23
-265
119
-374
-105
-360
94
-47
-180
98
-217
-293
-241
48
-271
-431
-319
36
-293
-216
18
-434
-444
-484
-133
2
-124
-314
-444
113
104
-379
-87
97
34
-421
-405
-290
-28
-74
-146
-181
-408
-542
17
3
-395
-19
-224
-306
-422
-34
-393
-490
-443
78
-438
-253
-146
-42
-192
-80
-127
-190
-16
-297
-92
-486
-381
-313
-77
-220
-467
-268
-372
-573
-162
-321
-354
-417
-47
-292
-472
8
-208
-80
-10
-189
-436
-587
-34
-294
-589
4
-449
-136
-69
-193
-182
-44
-226
-572
-365
-597
-94
-550
-370
-479
-144
-54
-418
-449
-423
-142
-249
-251
-595
-412
-115
-148
-494
-413
-127
-450
-308
-105
-186
-280
-462
-618
-534
-407
-95
-133
-157
-555
-559
-191
-330
-281
-487
-255
-5
-104
-55
-446
-617
-570
-309
-6
-375
-420
-361
-483
-425
-294
-478
-632
-599
-204
-488
-402
-410
-252
-202
-226
-276
-107
-279
-533
-140
-33
-108
-49
-289
-34
-86
-223
-661
-646
-121
-549
-530
-617
-347
-106
-125
-61
-683
-249
-556
-287
-245
-304
-301
-436
-668
-295
-371
-151
-605
-428
-102
-489
-626
-389
-705
-462
-500
-642
-254
-67
-467
-658
-372
-571
-655
-599
-540
-279
-654
-103
-249
-489
-134
-374
-386
-663
-409
-248
-286
-173
-351
-593
-122
-660
-731
-641
-167
-470
-512
-286
-661
-230
-570
-496
-228
-433
-269
-370
-333
-564
-133
-698
-176
-358
-482
-274
-696
-279
-670
-512
-648
-229
-128
-475
-257
-281
-244
-603
-233
-278
-615
-213
-282
-571
-316
-507
-354
-261
-352
-196
-712
-357
-415
-635
-479
-719
-569
-642
-499
-184
-599
-648
-678
-152
-288
-625
-506
-638
-340
-607
-457
-394
-766
-620
-663
-782
-545
-245
-764
-195
-684
-365
-331
-647
-597
-694
-265
-474
-437
-278
-769
-633
-293
-476
-594
-771
-241
-359
-672
-451
-514
-373
-456
-191
-377
-306
-492
-262
-350
-465
-467
-792
-311
-452
-778
-257
-249
-532
-727
-452
-649
-644
-748
-433
-663
-802
-286
-248
-790
-462
-219
-771
-507
-262
-641
-673
-863
-619
-397
-818
-850
-401
-515
-317
-545
-294
-501
-465
-403
-876
-594
-823
-286
-346
-424
-779
-875
-288
-645
-348
-343
-468
-364
-749
-491
-523
-445
-832
-494
-578
-332
-578
-644
-684
-666
-418
-903
-290
-277
-320
-839
-524
-342
-725
-595
-657
-695
-580
-381
-650
-398
-624
-552
-371
-733
-453
-362
-882
-800
-386
-312
-525
-525
-399
-807
-731
-849
-491
-905
-545
-805
-805
-621
-309
-727
-562
-682
-834
-686
-894
-681
-885
-750
-749
-397
-800
-588
-436
-518
-386
-553
-781
-945
-324
-620
-532
-340
-923
-759
-404
-726
-802
-807
-565
-764
-708
-895
-678
-692
-746
-570
-525
-928
-447
-616
-940
-821
-504
-788
-353
-683
-580
-911
-917
-375
-957
-382
-641
-957
-425
-604
-889
-941
-984
-704
-720
-667
-694
-951
-895
-541
-822
-826
-394
-427
-804
-380
-523
-734
-717
-570
-710
-711
-523
-731
-459
-895
-461
-390
-735
-613
-703
-753
-842
-599
-497
-705
-809
-986
-899
-545
-821
-593
-614
-505
-418
-678
-455
-1002
-418
-610
-760
-526
-918
-837
-677
-417
-963
-515
-878
-696
-847
-467
-651
-1038
-859
-635
-695
-523
-450
-649
-512
-534
-849
-439
-1001
-615
-908
-890
-848
-836
-495
-1046
-1011
-845
-474
-762
-709
-858
-593
-547
-937
-873
-780
-1037
-1075
-734
-724
-701
-619
-541
-1080
-472
-675
-570
-676
-612
-595
-565
-808
-683
-885
-538
-622
-552
-639
-621
-702
-916
-844
-908
-774
-907
-948
-1088
-876
-924
-551
-567
-1029
-523
-827
-896
-822
-1056
-646
-910
-804
-1131
-726
-571
-963
-665
-767
-783
-757
-674
-614
-1048
-1140
-1028
-898
-784
-623
-892
-952
-1025
-553
-957
-570
-977
-1077
-711
-611
-812
-923
-706
-603
-701
-710
-658
-1146
-731
-1015
-620
-1151
-699
-1034
-621
-557
-705
-994
-589
-1046
-890
-943
-1061
-877
-706
-958
-854
-605
-568
-574
-692
-714
-1156
-992
-601
-1145
-618
-840
-1039
-855
-914
-735
-691
-1159
-923
-646
-601
-1180
-688
-765
-602
-742
-719
-1143
-1012
-1055
-583
-1128
-588
-1016
-998
-844
-836
-1083
-1167
-666
-1199
-1162
-964
-1171
-1043
-872
-1232
-753
-1012
-1062
-714
-1064
-957
-610
-688
-760
-1036
-821
-868
-1022
-922
-952
-1089
-1139
-1076
-1057
-696
-1145
-1248
-860
-687
-859
-1194
-848
-961
-681
-846
-1097
-1195
-643
-1000
-877
-1193
-751
-1001
-1074
-840
-940
-939
-820
-787
-682
-1241
-1281
-831
-1048
-1284
-1096
-998
-937
-1051
-836
-767
-1113
-660
-1241
-681
-952
-1185
-814
-886
-1000
-1232
-1271
-892
-1146
-952
-1057
-880
-830
-718
-1207
-937
-768
-1205
-955
-1195
-1167
-807
-836
-1273
-844
-861
-1097
-1187
-1093
-891
-1152
-1314
-997
-1125
-1079
-1085
-827
-1142
-1153
-878
-1156
-1308
-783
-894
-1204
-901
-967
-1148
-968
-943
-1103
-812
-1218
-709
-1097
-921
-1098
-994
-1199
-1219
-976
-1192
-1248
-1178
-1312
-720
-974
-1065
-1075
-930
-932
-1025
-963
-967
-1021
-1229
-1203
-1006
-1343
-1312
-1136
-965
-1304
-1280
-924
-745
-1267
-1382
-805
-1095
-1073
-1358
-767
-1357
-848
-862
-908
-1103
-1149
-999
-1395
-1249
-1322
-1313
-1317
-1128
-1305
-778
-991
-892
-809
-1225
-877
-1207
-1211
-935
-1061
-792
-1117
-1362
-1185
-1359
-1148
-1225
-1402
-858
-826
-1119
-1310
-1286
-912
-1414
-1076
-855
-1131
-1422
-1079
-1059
-1018
-1020
-1195
-995
-1180
-832
-844
-963
-897
-987
-1007
-863
-907
-965
-914
-894
-1035
-1171
-1150
-1255
-1263
-858
-1333
-1443
-847
-913
-991
-1113
-1443
-854
-1425
-910
-883
-1371
-1332
-1452
-1337
-1372
-1088
-931
-1319
-1133
-1292
-1437
-1304
-857
-1203
-842
-1018
-1234
-933
-1301
-1487
-1453
-882
-849
-1452
-1441
-1007
-1395
-1397
-1107
-1366
-979
-883
-931
-1169
-952
-917
-1274
-1007
-959
-998
-1207
-1382
-1493
-1482
-958
-898
-1500
-1226
-910
-879
-1119
-1303
-1263
-1160
-1258
-1208
-1016
-1109
-1422
-1231
-983
-1227
-1082
-1507
-1181
-1151
-1157
-1129
-1505
-1274
-1253
-1264
-1415
-1212
-972
-1417
-1147
-1340
-1155
-1165
-1240
-1071
-960
-1140
-1016
-1355
-1537
-1280
-1538
-1364
-1285
-1245
-1431
-1490
-924
-1121
-1417
-1059
-1172
-1297
-1320
-1179
-1287
-1315
-1355
-1149
-1067
-1365
-1126
-1234
-1172
-1506
-1174
-1360
-1567
-1174
-1308
-1495
-1225
-1340
-1412
-1584
-1459
-1053
-1010
-1010
-975
-1329
-980
-1073
-1427
-1193
-1029
-1462
-1342
-1010
-1105
-1411
-1325
-1153
-1365
-1216
-1412
-1404
-1562
-1324
-1334
-1548
-1294
-1355
-1333
-1571
-1501
-1479
-1048
-1327
-1074
-1354
-1369
-1252
-1486
-1280
-1431
-1343
-1081
-1209
-1125
-1179
-1477
-1038
-1473
-1217
-998
-1323
-1575
-1048
-1376
-1136
-1220
-1192
-1294
-1635
-1554
-1395
-1334
-1456
-1316
-1305
-1264
-1130
-1436
-1359
-1604
-1423
-1073
-1170
-1370
-1368
-1384
-1386
-1438
-1178
-1229
-1160
-1139
-1607
-1565
-1673
-1275
-1467
-1306
-1326
-1281
-1535
-1135
-1557
-1164
-1092
-1456
-1646
-1215
-1517
-1246
-1094
-1143
-1094
-1620
-1480
-1095
-1679
-1195
-1568
-1276
-1311
-1380
-1467
-1336
-1494
-1148
-1429
-1443
-1090
-1546
-1329
-1291
-1226
-1416
-1287
-1511
-1307
-1242
-1232
-1442
-1579
-1456
-1630
-1259
-1623
-1490
-1295
-1559
-1496
-1374
-1466
-1217
-1097
-1182
-1731
-1627
-1619
-1654
-1341
-1502
-1239
-1671
-1555
-1114
-1615
-1339
-1734
-1300
-1407
-1593
-1187
-1118
-1425
-1146
-1144
-1456
-1719
-1526
-1166
-1511
-1234
-1489
-1161
-1617
-1566
-1338
-1297
-1526
-1297
-1287
-1296
-1701
-1249
-1489
-1237
-1259
-1734
-1634
-1446
-1451
-1780
-1697
-1436
-1507
-1647
-1531
-1455
-1417
-1418
-1787
-1344
-1301
-1447
-1449
-1507
-1648
-1413
-1693
-1546
-1283
-1386
-1642
-1331
-1626
-1481
-1625
-1198
-1482
-1278
-1537
-1287
-1286
-1348
-1650
-1415
-1289
-1299
-1612
-1333
-1546
-1615
-1537
-1787
-1651
-1378
-1805
-1210
-1828
-1295
-1570
-1421
-1459
-1827
-1223
-1416
-1649
-1723
-1598
-1708
-1279
-1772
-1222
-1763
-1570
-1561
-1358
-1235
-1674
-1779
-1438
-1700
-1562
-1795
-1611
-1725
-1598
-1463
-1613
-1775
-1685
-1226
-1262
-1766
-1335
-1857
-1399
-1718
-1332
-1693
-1446
-1435
-1438
-1390
-1652
-1721
-1813
-1236
-1714
-1346
-1476
-1319
-1309
-1268
-1575
-1255
-1833
-1865
-1536
-1707
-1249
-1676
-1707
-1570
-1888
-1652
-1799
-1391
-1774
-1712
-1874
-1736
-1708
-1900
-1436
-1773
-1373
-1856
-1700
-1422
-1467
-1885
-1466
-1764
-1580
-1843
-1331
-1832
-1792
-1434
-1372
-1783
-1601
-1777
-1660
-1591
-1893
-1336
-1628
-1428
-1316
-1726
-1511
-1509
-1421
-1859
-1892
-1308
-1522
-1818
-1352
-1679
-1325
-1694
-1618
-1501
-1601
-1713
-1943
-1640
-1518
-1768
-1820
-1337
-1822
-1408
-1365
-1944
-1592
-1569
-1644
-1496
-1839
-1341
-1735
-1960
-1965
-1391
-1835
-1864
-1827
-1454
-1365
-1602
-1563
-1845
-1866
-1900
-1354
-1578
-1424
-1454
-1941
-1506
-1876
-1641
-1549
-1720
-1377
-1943
-1501
-1842
-1405
-1865
-1509
-1533
-1482
-1541
-1375
-1616
-1381
-1780
-1704
-1886
-1729
-1976
-1523
-1956
-1925
-1647
-1434
-1641
-1530
-1404
-1542
-1987
-1599
-1555
-1798
-1858
-1495
-1793
-1739
-2010
-1997
-1735
-1469
-1666
-1818
-1561
-1408
-1846
-1959
-1568
-1508
-1873
-1918
-1722
-1815
-1744
-1577
-1405
-1432
-1906
-1629
-1794
-1904
-1533
-1421
-1532
-1950
-1924
-1741
-1646
-1905
-1569
-2047
-1906
-1616
-1564
-1817
-1944
-1642
-1893
-1551
-2005
-1808
-1880
-1672
-1913
-1930
-2002
-1839
-1775
-1971
-2048
-2018
-1725
-1551
-1597
-1879
-1911
-2062
-1538
-1584
-1813
-1929
-2031
-1953
-1795
-1764
-1951
-1619
-2019
-1581
-1873
-1946
-1693
-1504
-1905
-1998
-1616
-1777
-1572
-1574
-1472
-2019
-1969
-1904
-1655
-1940
-1597
-1483
-2024
-2081
-1631
-1721
-1748
-1746
-1815
-1613
-1665
-1685
-1617
-1613
-2108
-1503
-1795
-1866
-1866
-1850
-1829
-1827
-2021
-1646
-2134
-1637
-2127
-1516
-1883
-1788
-1983
-1858
-2000
-1571
-1596
-1968
-2108
-1841
-1589
-1853
-1530
-1991
-1590
-1999
-2126
-1890
-1516
-1975
-1960
-1526
-2135
-1931
-1848
-1835
-2108
-1846
-2048
-2130
-1848
-1583
-2024
-1900
-1820
-1900
-1636
-1957
-1555
-1570
-2070
-1852
-2059
-2125
-1922
-1665
-1835
-2065
-1915
-1970
-1722
-1810
-1603
-2031
-1979
-1698
-2122
-1926
-2099
-2019
-2072
-1841
-1627
-1936
-2103
-1591
-1926
-2088
-1978
-1851
-1621
-1816
-1708
-1705
-1585
-1657
-1921
-1703
-1911
-1839
-1990
-1832
-1584
-1797
-1933
-1630
-2111
-1668
-1600
-2155
-1700
-2110
-2124
-1818
-1810
-1666
-2120
-2108
-1740
-2105
-1672
-1909
-1688
-1946
-2142
-2223
-1827
-1732
-2175
-1905
-2192
-1849
-1948
-1820
-1845
-1654
-2014
-1848
-1808
-1877
-2053
-1955
-2110
-1928
-1955
-2178
-2017
-1899
-2084
-1918
-1763
-1786
-1741
-1917
-1673
-2158
-1636
-1719
-1760
-1922
-2280
-1955
-2272
-1990
-1876
-1660
-2267
-2196
-2208
-2216
-2104
-1671
-2268
-2232
-2134
-2023
-1725
-1888
-2116
-2112
-2291
-1983
-1832
-2250
-1689
-2151
-1745
-1739
-2020
-2002
-2082
-2273
-2200
-1835
-1864
-1782
-2299
-1884
-1987
-1726
-2037
-1895
-2242
-1738
-2148
-1957
-1940
-2072
-1952
-2062
-2313
-2078
-2257
-2268
-1731
-1959
-1994
-2120
-2332
-2132
-2256
-1883
-2069
-1851
-1788
-2027
-1842
-2299
-2126
-1889
-1964
-2121
-1878
-2230
-1935
-1782
-2214
-1958
-1789
-1883
-1976
-2202
-2063
-2205
-2204
-2251
-1944
-2232
-2166
-2366
-1859
-1834
-1851
-1774
-1759
-2322
-1785
-1847
-2074
-1985
-2201
-1896
-1803
-2085
-1929
-1824
-2017
-2262
-1810
-2325
-2326
-2176
-1789
-1781
-1977
-2160
-2079
-2267
-2122
-1848
-1935
-2091
-1782
-2015
-2201
-1768
-1773
-1989
-2300
-2372
-2241
-1980
-1898
-2412
-2394
-2352
-1940
-2182
-2229
-2322
-2257
-2086
-1990
-1970
-2007
-2187
-2327
-2226
-2304
-1965
-1919
-2218
-2203
-2314
-1993
-1998
-1891
-2046
-2198
-2312
-2132
-2276
-2071
-1881
-1815
-1942
-2364
-1987
-1839
-1891
-2188
-2156
-2031
-1851
-2076
-2164
-2138
-1969
-1894
-2097
-2165
-2381
-2257
-2157
-2381
-1916
-2068
-2245
-1910
-2047
-2198
-1840
-2380
-2458
-2005
-1893
-2091
-2457
-1949
-2166
-2361
-2039
-2311
-2079
-1912
-2128
-1925
-2011
-2099
-1887
-1989
-1976
-2378
-2370
-1867
-1922
-2259
-1867
-2095
-2026
-2450
-2444
-2037
-2239
-2306
-1874
-2412
-2421
-2375
-2215
-2188
-2216
-2426
-2323
-1954
-2225
-2087
-1875
-2022
-2040
-2008
-2248
-2427
-1986
-2135
-2202
-2502
-2276
-2023
-2364
-2157
-1918
-2170
-1972
-2399
-2021
-2059
-2088
-2075
-1948
-2273
-2318
-2174
-2343
-2503
-2504
-2284
-1921
-2396
-2483
-2383
-2481
-2329
-2527
-2067
-2347
-2326
-2385
-2373
-2494
-2157
-2086
-2489
-2084
-2024
-2397
-2012
-1981
-2061
-2443
-2423
-2524
-2191
-2044
-2550
-2001
-2269
-2265
-2155
-2226
-2571
-2194
-2098
-2243
-2172
-2182
-2368
-2558
-2068
-2076
-2511
-2174
-2492
-2030
-2524
-2570
-2290
-2591
-2084
-2448
-2167
-2314
-2255
-2242
-2247
-2094
-1990
-2538
-2495
-2368
-2581
-2142
-2610
-2095
-2276
-2255
-2314
-2582
-2552
-2411
-2012
-2479
-2468
-2604
-2182
-2204
-2251
-2385
-2038
-2505
-2625
-2292
-2124
-2558
-2343
-2277
-2115
-2602
-2415
-2152
-2233
-2307
-2269
-2509
-2092
-2107
-2021
-2102
-2156
-2292
-2614
-2555
-2629
-2562
-2219
-2114
-2271
-2621
-2368
-2650
-2462
-2048
-2293
-2165
-2142
-2289
-2582
-2423
-2589
-2171
-2329
-2277
-2042
-2179
-2151
-2278
-2380
-2376
-2653
-2206
-2308
-2461
-2066
-2627
-2291
-2419
-2414
-2289
-2517
-2607
-2124
-2522
-2607
-2168
-2150
-2235
-2418
-2688
-2472
-2425
-2540
-2634
-2464
-2587
-2184
-2216
-2688
-2507
-2537
-2409
-2673
-2173
-2673
-2118
-2277
-2669
-2475
-2609
-2422
-2080
-2195
-2344
-2462
-2452
-2216
-2705
-2589
-2554
-2323
-2521
-2304
-2381
-2471
-2702
-2596
-2497
-2167
-2315
-2586
-2262
-2497
-2730
-2735
-2164
-2189
-2134
-2645
-2263
-2625
-2538
-2225
-2161
-2463
-2420
-2319
-2158
-2487
-2165
-2499
-2202
-2626
-2333
-2581
-2620
-2175
-2426
-2668
-2519
-2763
-2505
-2272
-2242
-2171
-2282
-2622
-2619
-2376
-2406
-2665
-2636
-2345
-2277
-2370
-2416
-2469
-2632
-2424
-2702
-2548
-2565
-2319
-2283
-2657
-2549
-2536
-2205
-2607
-2376
-2580
-2692
-2526
-2390
-2567
-2801
-2468
-2799
-2709
-2755
-2303
-2512
-2472
-2628
-2653
-2582
-2434
-2443
-2690
-2278
-2315
-2553
-2311
-2401
-2666
-2618
-2572
-2387
-2677
-2602
-2359
-2392
-2437
-2721
-2589
-2389
-2263
-2239
-2539
-2461
-2754
-2712
-2567
-2718
-2404
-2496
-2205
-2739
-2374
-2386
-2377
-2269
-2639
-2622
-2601
-2649
-2277
-2536
-2733
-2827
-2335
-2681
-2259
-2845
-2744
-2371
-2278
-2827
-2364
-2456
-2737
-2502
-2276
-2322
-2360
-2767
-2332
-2373
-2669
-2416
-2519
-2610
-2537
-2543
-2333
-2734
-2292
-2321
-2311
-2544
-2276
-2308
-2817
-2526
-2794
-2706
-2342
-2488
-2711
-2794
-2852
-2773
-2810
-2676
-2459
-2365
-2512
-2646
-2533
-2342
-2537
-2583
-2896
-2647
-2621
-2831
-2693
-2736
-2340
-2838
-2764
-2905
-2346
-2543
-2582
-2549
-2830
-2911
-2371
-2919
-2462
-2359
-2628
-2348
-2731
-2367
-2874
-2769
-2828
-2658
-2835
-2883
-2572
-2368
-2456
-2811
-2578
-2340
-2779
-2941
-2752
-2487
-2395
-2637
-2743
-2504
-2389
-2339
-2592
-2883
-2938
-2463
-2423
-2830
-2824
-2399
-2629
-2562
-2810
-2593
-2541
-2406
-2550
-2765
-2826
-2501
-2689
-2385
-2617
-2704
-2375
-2439
-2889
-2589
-2808
-2753
-2380
-2601
-2705
-2696
-2715
-2891
-2762
-2838
-2494
-2374
-2510
-2817
-2923
-2489
-2856
-2966
-2891
-2955
-2570
-2956
-2793
-2618
-2475
-2930
-2386
-2866
-2920
-2901
-2610
-2503
-2889
-2668
-2798
-2422
-3014
-2489
-3005
-2779
-2385
-2881
-2862
-2934
-2625
-2547
-2619
-2734
-2563
-2843
-2887
-2979
-2877
-2703
-2652
-2670
-2715
-2914
-3013
-2972
-2536
-2408
-2986
-2625
-3003
-2678
-2504
-2840
-2640
-2760
-2575
-2701
-2880
-2829
-2819
-2817
-3054
-2582
-2789
-2559
-2526
-2995
-2496
-2448
-2444
-2438
-2577
-2552
-2791
-2748
-2919
-2797
-2568
-2658
-2756
-2445
-2600
-2597
-2566
-2679
-2459
-2917
-2733
-2889
-2852
-2918
-2791
-2626
-3023
-2895
-2935
-2451
-2713
-3070
-2795
-3025
-2467
-2855
-2485
-2979
-2894
-2605
-2635
-2523
-2864
-2776
-2510
-2562
-3055
-3057
-2919
-2549
-2972
-2615
-2677
-2607
-2569
-2977
-2533
-2754
-2528
-2935
-3027
-2501
-2714
-2970
-2993
-2490
-2604
-3003
-2947
-2947
-2928
-2780
-2990
-3028
-2552
-2710
-2870
-2762
-2791
-2650
-3112
-3107
-3020
-2629
-2803
-2982
-2793
-3139
-2680
-3019
-2528
-2979
-2744
-2663
-2877
-2550
-2810
-2799
-2538
-3025
-2563
-2559
-3115
-2943
-2870
-2673
-3124
-2587
-2827
-2889
-2911
-2871
-2824
-3027
-3060
-2564
-2795
-2913
-2916
-3014
-2674
-3133
-2966
-2896
-2717
-2640
-3074
-2608
-2882
-3020
-2984
-3147
-3122
-2580
-2645
-2745
-2861
-2627
-2955
-2627
-2886
-2738
-2705
-2657
-2952
-2690
-2979
-3039
-3191
-2974
-3163
-3035
-2722
-2829
-2844
-2981
-2762
-2756
-2600
-2750
-3091
-2941
-3182
-2667
-3083
-2818
-3123
-2773
-2936
-2974
-2892
-3223
-2961
-3143
-2790
-2794
-2742
-2954
-2788
-2749
-2963
-2983
-3121
-3196
-2689
-3035
-2655
-2802
-2960
-2737
-2725
-2967
-2644
-2742
-2866
-2619
-2985
-2761
-2911
-3056
-3133
-3077
-2623
-3091
-3106
-2799
-2643
-3184
-2777
-3068
-3256
-3074
-3085
-2646
-2993
-3009
-3041
-2772
-2969
-3060
-2764
-2979
-3225
-2924
-2647
-3259
-2722
-2834
-2763
-2826
-2766
-3160
-3051
-2835
-3142
-3036
-3121
-3005
-2837
-3080
-3231
-3212
-2673
-3120
-2673
-3011
-3240
-2997
-2723
-2899
-2791
-3312
-3042
-3141
-2828
-3235
-3017
-3308
-3144
-3122
-2924
-3277
-3037
-2789
-2871
-2836
-2963
-2999
-2973
-2810
-3065
-2785
-2945
-3307
-2923
-2742
-3260
-2937
-2999
-3026
-3187
-3270
-2967
-3016
-2814
-2954
-2912
-3112
-3116
-3022
-3025
-3248
-3027
-3002
-2978
-3241
-3276
-3100
-3184
-2735
-3336
-2915
-2843
-3260
-2761
-3319
-3364
-2784
-3158
-3056
-2843
-3365
-2920
-3349
-3323
-3139
-3128
-3288
-3351
-3314
-3164
-3102
-3239
-3319
-2924
-3166
-2797
-3075
-3215
-2900
-3105
-3210
-3363
-3007
-3349
-2915
-2840
-3145
-3351
-2970
-2844
-3311
-2873
-2862
-3020
-3115
-3197
-3180
-2985
-3168
-3052
-3192
-3114
-3050
-2811
-2853
-3285
-3324
-2934
-2921
-2965
-2836
-3139
-2816
-3372
-2945
-2931
-3215
-3179
-3030
-2994
-3161
-3054
-2867
-3175
-3054
-3279
-3102
-2857
-3330
-3037
-3361
-2833
-3274
-2954
-3396
-2966
-3390
-3007
-3428
-2860
-2832
-2935
-3362
-2974
-3434
-3151
-3071
-3417
-3335
-3283
-2940
-3363
-3200
-2972
-3129
-2999
-2969
-3315
-3292
-3001
-2980
-2908
-2855
-3195
-3365
-3408
-3089
-3348
-2857
-3051
-3396
-3310
-3369
-3072
-2954
-3234
-3124
-3320
-3327
-3216
-3275
-2886
-2872
-3434
-3391
-3349
-3176
-2983
-3381
-2931
-3173
-3358
-3229
-3104
-2954
-2867
-3416
-3201
-3390
-3163
-3183
-2922
-3103
-3056
-3304
-3321
-2944
-2967
-2981
-3118
-3426
-3432
-3361
-3482
-2964
-3157
-3143
-3521
-2931
-3367
-3057
-3259
-2998
-3068
-3256
-3157
-3389
-3524
-3316
-3494
-3510
-2973
-2929
-3350
-2963
-3112
-3170
-3458
-3422
-3198
-3357
-3430
-3179
-3168
-3114
-3194
-3083
-3263
-3497
-3163
-3080
-3429
-3074
-2978
-3191
-3533
-3343
-3301
-3192
-3209
-3319
-3123
-3294
-2949
-3539
-3524
-3545
-3307
-2964
-3062
-3298
-3016
-3414
-3574
-3566
-2975
-3540
-3396
-2953
-3143
-3018
-2998
-3511
-3520
-3173
-3005
-3193
-3457
-3279
-3280
-3007
-3356
-3370
-3347
-3168
-3559
-3050
-3433
-3147
-3591
-3047
-3057
-3547
-3332
-3006
-3448
-3254
-3600
-3177
-3267
-3512
-3387
-3453
-3071
-3113
-3416
-3613
-3435
-3399
-3200
-3334
-3626
-3518
-3083
-3143
-3220
-3123
-3557
-3537
-3394
-3465
-3119
-3141
-3492
-3274
-3164
-3219
-3430
-3462
-3242
-3173
-3019
-3440
-3234
-3356
-3281
-3635
-3244
-3252
-3117
-3093
-3267
-3142
-3210
-3245
-3178
-3114
-3475
-3351
-3318
-3471
-3354
-3289
-3301
-3164
-3464
-3147
-3679
-3653
-3167
-3560
-3660
-3294
-3570
-3330
-3136
-3063
-3604
-3248
-3165
-3191
-3624
-3474
-3453
-3473
-3344
-3146
-3457
-3297
-3455
-3620
-3437
-3116
-3330
-3126
-3104
-3582
-3503
-3555
-3330
-3203
-3171
-3653
-3375
-3573
-3520
-3558
-3179
-3715
-3129
-3244
-3599
-3572
-3363
-3107
-3213
-3295
-3314
-3186
-3301
-3130
-3644
-3343
-3347
-3430
-3475
-3380
-3609
-3678
-3301
-3150
-3244
-3500
-3215
-3660
-3719
-3143
-3504
-3671
-3184
-3165
-3720
-3461
-3537
-3616
-3729
-3295
-3368
-3474
-3638
-3160
-3552
-3682
-3627
-3620
-3587
-3208
-3739
-3682
-3284
-3207
-3173
-3364
-3363
-3298
-3282
-3145
-3346
-3705
-3734
-3656
-3534
-3593
-3640
-3347
-3231
-3337
-3565
-3480
-3206
-3291
-3778
-3732
-3282
-3670
-3165
-3765
-3519
-3513
-3423
-3588
-3687
-3696
-3553
-3592
-3797
-3233
-3537
-3172
-3412
-3180
-3773
-3255
-3687
-3200
-3768
-3615
-3495
-3330
-3492
-3607
-3189
-3653
-3419
-3627
-3646
-3786
-3568
-3298
-3785
-3705
-3353
-3628
-3419
-3641
-3395
-3297
-3352
-3442
-3800
-3270
-3672
-3755
-3766
-3404
-3804
-3723
-3475
-3383
-3754
-3623
-3479
-3226
-3667
-3624
-3404
-3293
-3417
-3803
-3254
-3242
-3511
-3359
-3737
-3685
-3327
-3424
-3572
-3332
-3465
-3417
-3451
-3639
-3746
-3408
-3811
-3469
-3542
-3316
-3580
-3784
-3324
-3285
-3601
-3790
-3333
-3282
-3804
-3776
-3689
-3613
-3365
-3574
-3712
-3736
-3829
-3850
-3397
-3300
-3718
-3813
-3510
-3889
-3655
-3350
-3876
-3907
-3389
-3780
-3430
-3452
-3860
-3799
-3784
-3839
-3775
-3438
-3837
-3796
-3625
-3354
-3751
-3291
-3591
-3456
-3727
-3682
-3773
-3571
-3400
-3475
-3488
-3719
-3660
-3359
-3664
-3849
-3450
-3706
-3605
-3522
-3885
-3901
-3553
-3311
-3406
-3566
-3323
-3408
-3874
-3877
-3513
-3951
-3938
-3331
-3844
-3421
-3921
-3707
-3946
-3662
-3876
-3747
-3864
-3648
-3356
-3613
-3739
-3415
-3369
-3766
-3887
-3899
-3371
-3664
-3819
-3699
-3412
-3357
-3932
-3526
-3406
-3647
-3506
-3932
-3579
-3468
-3649
-3392
-3988
-3556
-3469
-3808
-3663
-3808
-3428
-3837
-3603
-3462
-3663
-3502
-3475
-3924
-3974
-3739
-3937
-3760
-3545
-3704
-3676
-3575
-3484
-3569
-3572
-3677
-3487
-3586
-3670
-3957
-3926
-3943
-3881
-3806
-3696
-3472
-3835
-3439
-3551
-3602
-3462
-3996
-3792
-3682
-3651
-3787
-3961
-3491
-3502
-3549
-3646
-3586
-3594
-4032
-3757
-3496
-3525
-3769
-3897
-3563
-3522
-3565
-3960
-3738
-3905
-3445
-3856
-3441
-3794
-3772
-3775
-3536
-3773
-4005
-3918
-3957
-3534
-3515
-4016
-3667
-3886
-3647
-3531
-3974
-3644
-3804
-3705
-3589
-3637
-4013
-4070
-3482
-3507
-3785
-3891
-3549
-3805
-3980
-3617
-3710
-3626
-3898
-3751
-3796
-3651
-3849
-3763
-3727
-3750
-3585
-3624
-3585
-3875
-3864
-3664
-4087
-3755
-4038
-3692
-3663
-3718
-3565
-3632
-3818
-3730
-3535
-3518
-3845
-3609
-3590
-3861
-3663
-3711
-4121
-3663
-3830
-3756
-3907
-4014
-4065
-3542
-3645
-3595
-3949
-4042
-3544
-3826
-3990
-3761
-3877
-3619
-4136
-3662
-3688
-3657
-3622
-3658
-3895
-3714
-3902
-4115
-4085
-3684
-3697
-4037
-3886
-3899
-4044
-4023
-3600
-4124
-3617
-3695
-4166
-4034
-3828
-4086
-4151
-3756
-4087
-3788
-3633
-3777
-3574
-4033
-4158
-3857
-3538
-4131
-3905
-4146
-3592
-4023
-4138
-3670
-3776
-3852
-3625
-3774
-4038
-3789
-3727
-3713
-3589
-4097
-3776
-4045
-3812
-3918
-3891
-3812
-3848
-3596
-3852
-3857
-3813
-3582
-3766
-3953
-4142
-4115
-3936
-4027
-3617
-3607
-4171
-3702
-3902
-4074
-3837
-3812
-3759
-3923
-3900
-3764
-3809
-4209
-3953
-3817
-3943
-4191
-4182
-4208
-3639
-3945
-3914
-3918
-3741
-3750
-3846
-4185
-4088
-3733
-3895
-3874
-3764
-3960
-4172
-4062
-3910
-4214
-3940
-3874
-3805
-3720
-3692
-4224
-3960
-4083
-3938
-3788
-4191
-4027
-3833
-4087
-3844
-4115
-4184
-4037
-4058
-3872
-3951
-4036
-3770
-4229
-3637
-4043
-4071
-3738
-4143
-4025
-3713
-3836
-4123
-3667
-4201
-4133
-4286
-4156
-3688
-4136
-4098
-4081
-3919
-3873
-3734
-3874
-3957
-3821
-3702
-3897
-4140
-4105
-4131
-3673
-4205
-3961
-3986
-4229
-4093
-4102
-4187
-4273
-4207
-3757
-3905
-4281
-3706
-3884
-3801
-3885
-4200
-4037
-3815
-3687
-3721
-4060
-3794
-3835
-4092
-4304
-3976
-3820
-4149
-3928
-4167
-3948
-3755
-3852
-4282
-4250
-3938
-4092
-3858
-4271
-3709
-4309
-4337
-4135
-3930
-4202
-3792
-4290
-3912
-3766
-4160
-3993
-4018
-3801
-3932
-3725
-3974
-4031
-4263
-3884
-3952
-3768
-4298
-4005
-4333
-3744
-3825
-4192
-4280
-3853
-3999
-4003
-4299
-4205
-3839
-3994
-3924
-4345
-4277
-3862
-4145
-4145
-4162
-3847
-3868
-3924
-4231
-3850
-3830
-4236
-4145
-3934
-4387
-3828
-4145
-3847
-4070
-4319
-4101
-3805
-4408
-4329
-3828
-4303
-4314
-4018
-4046
-3838
-4087
-4298
-4030
-4400
-3830
-4369
-4314
-4322
-3962
-3974
-4358
-3982
-4012
-3864
-4016
-4349
-4123
-3990
-4315
-4118
-4242
-4115
-4271
-3809
-4018
-4140
-3989
-4172
-4269
-3882
-3982
-3887
-4195
-4183
-4361
-3969
-4035
-3973
-3914
-4157
-3908
-4381
-3968
-4217
-3966
-3897
-3845
-4289
-4222
-4384
-3895
-3848
-4430
-4109
-4272
-4368
-4022
-4331
-4093
-3923
-4353
-4263
-4022
-3879
-3880
-4166
-4149
-4238
-4190
-4460
-4468
-4320
-4406
-3858
-4219
-4094
-4111
-3965
-3919
-4449
-4385
-4194
-3887
-4137
-4232
-3881
-4298
-4363
-4011
-4079
-4159
-4357
-4043
-4272
-4376
-3957
-3878
-4090
-4173
-3962
-4287
-4514
-4379
-4205
-3919
-4181
-3924
-4401
-4120
-3950
-4339
-4437
-4464
-4519
-4179
-4279
-4529
-4497
-4531
-4328
-4227
-4223
-4243
-4244
-4418
-4500
-4501
-4103
-4348
-3916
-3990
-4404
-4110
-4501
-4483
-4191
-4126
-4212
-4278
-4380
-4072
-4499
-3974
-4400
-4242
-4217
-3955
-3949
-4506
-4493
-3990
-4318
-4549
-4416
-3944
-3980
-4380
-4072
-4490
-4248
-4288
-4363
-4115
-4145
-3947
-4302
-4449
-4095
-4159
-4272
-4002
-4086
-4191
-4471
-4365
-4146
-4368
-4310
-4560
-4295
-4101
-4477
-4362
-4318
-4033
-4588
-4074
-4012
-4080
-4479
-4518
-4036
-4603
-4256
-4122
-4408
-4464
-4169
-4484
-4299
-4164
-3999
-4346
-4248
-4251
-4000
-4185
-3990
-4358
-4121
-4144
-4268
-4193
-4064
-4553
-4433
-4172
-4029
-4280
-4238
-4254
-4604
-4215
-4539
-4442
-4004
-4254
-4644
-4089
-4013
-4531
-4484
-4390
-4499
-4638
-4142
-4629
-4265
-4278
-4422
-4525
-4551
-4218
-4365
-4626
-4269
-4310
-4450
-4445
-4438
-4252
-4452
-4373
-4282
-4490
-4277
-4395
-4083
-4150
-4190
-4397
-4396
-4630
-4327
-4312
-4308
-4107
-4082
-4307
-4639
-4548
-4623
-4151
-4497
-4590
-4208
-4576
-4683
-4640
-4125
-4354
-4597
-4268
-4512
-4551
-4358
-4195
-4335
-4622
-4084
-4131
-4166
-4439
-4149
-4622
-4169
-4450
-4184
-4421
-4461
-4088
-4465
-4656
-4618
-4601
-4593
-4323
-4329
-4606
-4096
-4708
-4339
-4639
-4188
-4170
-4714
-4240
-4286
-4477
-4516
-4546
-4170
-4610
-4546
-4208
-4459
-4612
-4432
-4639
-4464
-4644
-4177
-4323
-4565
-4450
-4412
-4522
-4605
-4506
-4340
-4526
-4490
-4310
-4676
-4684
-4326
-4448
-4454
-4365
-4313
-4401
-4292
-4303
-4323
-4235
-4481
-4219
-4268
-4391
-4661
-4500
-4507
-4444
-4414
-4318
-4533
-4292
-4159
-4214
-4378
-4641
-4526
-4635
-4610
-4633
-4558
-4508
-4300
-4656
-4190
-4405
-4692
-4641
-4769
-4797
-4720
-4665
-4664
-4279
-4364
-4572
-4389
-4527
-4747
-4607
-4234
-4475
-4641
-4807
-4746
-4667
-4565
-4737
-4254
-4210
-4693
-4526
-4811
-4493
-4541
-4424
-4225
-4438
-4631
-4752
-4602
-4597
-4716
-4792
-4230
-4701
-4435
-4653
-4416
-4652
-4402
-4450
-4351
-4428
-4739
-4440
-4657
-4777
-4403
-4497
-4313
-4709
-4406
-4372
-4438
-4285
-4554
-4453
-4752
-4836
-4365
-4476
-4701
-4481
-4578
-4431
-4436
-4828
-4320
-4501
-4476
-4839
-4765
-4393
-4397
-4648
-4375
-4769
-4750
-4558
-4285
-4849
-4383
-4793
-4631
-4774
-4554
-4499
-4308
-4756
-4414
-4286
-4762
-4751
-4691
-4279
-4621
-4862
-4742
-4261
-4477
-4556
-4754
-4627
-4436
-4322
-4426
-4863
-4776
-4614
-4317
-4781
-4422
-4766
-4323
-4678
-4304
-4623
-4856
-4716
-4341
-4681
-4819
-4296
-4878
-4659
-4746
-4674
-4593
-4838
-4604
-4756
-4760
-4445
-4582
-4454
-4297
-4378
-4805
-4823
-4776
-4441
-4431
-4616
-4466
-4536
-4418
-4565
-4691
-4337
-4836
-4734
-4423
-4843
-4758
-4345
-4645
-4843
-4691
-4333
-4855
-4851
-4920
-4845
-4759
-4570
-4491
-4969
-4617
-4581
-4904
-4964
-4437
-4564
-4932
-4950
-4640
-4361
-4766
-4730
-4435
-4387
-4582
-4635
-4899
-4595
-4382
-4605
-4430
-4859
-4562
-4469
-4722
-4352
-4377
-4375
-4924
-4900
-4881
-4643
-4771
-4547
-4936
-4736
-4821
-4719
-4515
-4908
-4874
-4585
-4775
-4450
-4513
-4944
-4958
-4479
-4687
-4530
-5019
-4731
-4950
-4483
-4740
-4948
-4868
-4949
-4458
-4806
-4842
-4840
-4516
-5005
-4882
-4896
-4404
-4882
-4913
-4922
-4403
-4633
-4918
-4773
-4508
-4854
-5001
-4925
-4686
-4908
-4596
-4731
-4641
-5035
-4749
-4535
-4607
-5030
-4720
-4784
-4963
-4605
-4916
-4778
-4706
-4770
-4604
-5039
-4991
-4897
-4721
-4865
-4756
-4514
-4568
-4663
-4675
-4926
-5051
-4882
-4456
-4586
-4840
-4695
-4464
-4750
-4833
-4868
-4786
-4468
-5015
-4938
-5032
-4480
-4784
-4800
-4580
-4957
-4761
-4511
-4466
-4891
-4585
-4877
-4578
-4830
-4540
-4935
-4780
-4864
-4593
-4475
-4689
-4814
-4519
-4746
-4912
-4841
-5004
-4675
-4642
-4780
-5038
-4670
-4732
-4948
-4519
-4554
-4939
-4612
-4722
-5048
-5058
-4782
-5013
-5072
-5049
-4649
-5111
-4715
-4997
-4966
-4992
-5141
-5054
-5040
-5006
-5143
-5001
-4931
-4872
-5082
-4826
-4528
-5003
-4944
-4548
-5140
-5044
-4717
-4802
-5119
-4547
-5147
-5063
-4581
-4721
-4831
-5126
-5152
-4542
-5114
-4969
-4549
-4629
-4586
-4690
-5096
-4982
-4560
-5143
-4831
-4768
-5023
-5178
-5089
-5102
-5047
-4703
-4591
-4836
-5068
-5118
-5046
-5123
-4948
-4807
-5191
-4709
-4621
-5041
-5158
-4972
-4806
-4823
-4780
-4699
-4952
-4852
-4572
-5093
-4905
-5069
-4822
-5034
-5031
-4580
-5172
-4999
-5090
-4907
-4943
-4824
-4915
-4768
-4645
-4997
-4819
-4626
-4719
-5162
-5156
-5140
-4997
-4628
-5162
-4860
-4982
-5220
-4950
-4760
-4883
-4989
-4665
-4889
-4968
-5147
-4714
-4915
-4614
-5064
-4640
-5206
-5003
-4645
-4671
-4739
-5103
-4809
-4751
-4618
-4635
-4716
-4999
-5126
-4725
-5133
-5003
-5062
-5196
-5066
-5003
-5266
-4859
-5156
-4894
-5130
-4747
-4988
-5013
-5261
-5238
-5049
-4778
-5114
-4762
-4951
-5153
-5160
-4790
-5209
-4963
-4944
-5123
-4828
-5194
-5178
-4924
-5072
-5005
-5195
-5201
-5063
-4669
-5174
-5003
-5122
-5193
-5265
-5048
-5243
-5031
-4946
-5080
-5065
-4900
-4916
-4837
-4883
-4810
-5064
-5042
-5239
-5049
-5304
-4799
-4845
-4928
-4809
-4879
-4757
-4876
-5036
-4695
-4756
-5122
-5217
-4875
-4769
-5060
-5308
-5179
-4949
-5023
-5034
-4863
-5265
-5174
-4889
-4710
-4786
-5191
-4978
-4856
-5264
-4888
-5290
-5004
-5005
-4939
-5212
-4810
-5138
-4936
-5045
-5299
-5132
-5108
-4726
-5050
-5245
-4942
-4889
-4792
-5363
-5284
-5276
-5368
-5212
-4928
-5102
-4977
-5328
-4757
-5249
-4995
-4960
-5224
-4801
-5297
-4887
-4782
-4925
-5375
-4812
-4821
-5038
-5165
-4812
-5246
-5084
-5100
-4989
-5289
-5375
-4912
-4817
-5132
-5332
-5215
-5191
-4916
-5289
-4947
-4796
-4776
-4935
-4789
-4921
-4811
-5059
-5263
-4823
-5404
-4979
-5266
-5172
-4862
-5028
-5395
-4855
-4920
-5144
-5381
-5080
-5194
-4793
-5325
-5295
-5127
-5311
-4814
-5198
-4887
-5322
-5325
-5360
-4849
-5349
-5322
-5202
-5072
-4917
-5409
-5278
-4881
-5329
-5222
-5302
-5212
-5042
-5297
-4976
-4951
-5297
-5113
-4985
-4968
-5382
-4899
-5008
-5293
-5452
-5086
-5415
-5198
-5341
-4891
-4977
-5345
-4948
-5373
-5061
-4853
-5273
-5369
-4967
-4948
-5367
-5005
-5479
-4888
-4908
-4912
-4932
-5013
-5076
-5120
-5075
-4868
-5284
-5091
-5265
-5241
-5167
-5216
-5045
-5042
-5507
-5045
-4893
-5292
-4936
-5251
-4902
-5248
-5117
-5432
-5471
-5336
-5303
-5404
-4997
-5305
-5155
-5271
-5168
-5447
-5204
-5134
-4900
-5413
-4946
-4905
-5231
-5391
-5419
-4993
-5289
-5219
-4968
-5132
-4966
-5034
-5129
-5211
-5394
-5118
-5364
-5281
-5403
-5076
-5219
-5030
-5412
-5419
-5313
-5187
-5147
-5106
-5358
-5080
-4970
-5415
-5351
-5130
-5359
-5115
-5208
-5545
-5131
-5157
-5159
-5042
-4999
-5261
-5493
-5217
-5212
-5192
-5395
-5235
-4945
-5434
-5528
-5120
-5023
-4996
-5495
-5534
-5531
-5373
-5543
-5219
-5075
-5438
-5241
-5243
-5100
-5208
-5471
-5523
-4961
-4965
-5581
-5255
-5301
-5328
-5106
-5276
-5156
-5115
-5437
-5389
-5255
-5459
-4988
-5174
-5023
-4996
-5156
-5613
-5061
-5363
-5283
-5105
-5438
-5034
-5365
-5118
-5534
-5120
-5559
-5332
-5010
-5267
-5178
-5320
-5108
-5451
-5262
-5353
-5256
-5550
-5229
-5284
-5392
-5370
-5521
-5399
-5626
-5288
-5017
-5399
-5203
-5558
-5569
-5373
-5300
-5634
-5497
-5591
-5315
-5072
-5658
-5196
-5229
-5312
-5626
-5553
-5652
-5419
-5187
-5278
-5285
-5121
-5166
-5312
-5273
-5125
-5551
-5441
-5476
-5330
-5422
-5231
-5291
-5094
-5211
-5504
-5605
-5552
-5254
-5286
-5342
-5351
-5135
-5458
-5595
-5588
-5171
-5086
-5263
-5148
-5226
-5211
-5213
-5236
-5319
-5247
-5447
-5454
-5558
-5394
-5490
-5300
-5178
-5257
-5467
-5643
-5252
-5676
-5599
-5321
-5226
-5381
-5145
-5651
-5359
-5454
-5421
-5341
-5108
-5235
-5313
-5358
-5536
-5243
-5407
-5306
-5735
-5178
-5438
-5275
-5587
-5207
-5387
-5712
-5549
-5736
-5180
-5705
-5303
-5208
-5664
-5604
-5651
-5336
-5372
-5547
-5120
-5675
-5127
-5250
-5664
-5728
-5619
-5451
-5235
-5596
-5664
-5548
-5466
-5429
-5586
-5196
-5220
-5171
-5307
-5763
-5712
-5352
-5688
-5598
-5153
-5733
-5369
-5168
-5359
-5680
-5583
-5491
-5515
-5615
-5768
-5397
-5254
-5598
-5584
-5769
-5421
-5440
-5528
-5334
-5635
-5713
-5605
-5697
-5248
-5360
-5354
-5254
-5678
-5476
-5367
-5706
-5263
-5448
-5220
-5499
-5427
-5184
-5404
-5508
-5481
-5374
-5575
-5794
-5711
-5811
-5251
-5263
-5554
-5715
-5806
-5208
-5790
-5664
-5652
-5474
-5307
-5431
-5333
-5759
-5521
-5554
-5683
-5676
-5722
-5302
-5708
-5804
-5447
-5216
-5396
-5847
-5241
-5683
-5483
-5273
-5763
-5527
-5302
-5469
-5757
-5669
-5284
-5559
-5694
-5696
-5280
-5571
-5846
-5476
-5634
-5853
-5475
-5709
-5439
-5834
-5848
-5692
-5814
-5772
-5410
-5304
-5790
-5500
-5450
-5622
-5289
-5491
-5563
-5360
-5615
-5771
-5378
-5406
-5492
-5456
-5587
-5693
-5463
-5310
-5349
-5358
-5826
-5740
-5774
-5521
-5743
-5318
-5786
-5342
-5831
-5580
-5679
-5484
-5893
-5631
-5616
-5499
-5698
-5406
-5746
-5591
-5480
-5775
-5441
-5473
-5416
-5571
-5304
-5815
-5676
-5779
-5854
-5668
-5538
-5748
-5758
-5634
-5721
-5752
-5841
-5647
-5482
-5901
-5401
-5401
-5490
-5636
-5855
-5572
-5602
-5490
-5640
-5471
-5454
-5408
-5774
-5471
-5910
-5727
-5452
-5941
-5783
-5333
-5717
-5849
-5329
-5959
-5360
-5373
-5706
-5577
-5898
-5474
-5435
-5815
-5469
-5608
-5769
-5649
-5660
-5493
-5502
-5791
-5799
-5617
-5933
-5386
-5836
-5787
-5985
-5497
-5867
-5783
-5757
-5732
-5398
-5608
-5550
-5368
-5428
-5434
-5893
-5892
-5978
-5458
-5821
-5376
-5734
-5662
-5947
-5668
-5408
-5553
-5598
-5427
-5411
-5504
-6007
-5970
-5643
-5837
-5828
-5945
-5758
-5918
-5591
-5533
-5601
-5482
-5484
-5540
-5732
-5939
-5965
-5446
-5491
-5661
-5689
-5674
-5602
-5859
-5954
-5984
-5579
-5983
-5792
-5457
-5834
-5723
-5799
-5591
-5453
-6005
-5712
-5689
-5714
-5815
-5709
-5923
-5836
-5458
-5921
-5783
-5557
-5927
-5639
-5497
-5701
-6065
-6032
-5954
-5454
-5543
-5744
-5617
-5622
-5824
-6057
-5595
-5560
-5525
-5984
-5519
-5814
-5979
-5853
-5837
-5647
-5997
-6055
-5897
-5857
-6096
-5851
-5881
-5851
-5857
-5546
-5909
-5756
-5874
-5780
-5578
-5674
-5979
-5928
-5583
-5761
-5678
-5548
-5518
-5876
-6038
-6028
-5879
-5515
-5660
-5967
-5802
-5894
-5863
-5665
-5690
-6026
-5774
-5693
-5510
-5605
-5516
-5495
-5541
-5559
-5890
-5756
-5785
-5914
-5991
-5733
-5882
-6088
-5549
-5603
-5524
-6145
-6101
-5640
-5899
-5998
-6031
-5967
-5712
-5563
-5945
-5816
-5998
-5687
-5757
-6012
-5851
-5669
-5966
-5693
-6146
-5783
-5695
-5581
-5689
-5786
-5712
-6150
-6148
-5748
-6124
-5685
-5779
-6056
-5842
-5806
-5858
-5835
-6030
-6060
-5891
-6063
-5573
-5569
-6130
-5902
-5981
-5674
-6173
-5953
-5857
-5987
-5733
-5958
-6045
-5939
-6105
-5940
-5723
-6068
-5849
-6112
-5901
-5580
-6174
-5715
-6051
-6158
-6116
-5985
-5933
-5888
-6097
-5742
-6087
-5849
-6083
-5608
-6172
-5736
-6133
-5642
-5886
-6170
-5799
-5933
-5707
-6025
-5941
-5746
-6196
-6218
-6104
-5867
-6112
-5600
-6200
-6004
-5661
-6022
-6116
-6176
-6077
-5612
-5644
-6155
-5788
-5912
-6099
-5904
-6195
-6015
-5919
-5906
-5818
-5865
-5926
-6078
-5959
-6241
-5749
-6155
-6070
-6034
-6117
-5935
-5905
-5784
-6045
-5804
-5712
-6180
-5833
-5826
-5837
-6002
-5841
-5644
-5861
-6247
-5645
-6256
-5996
-6116
-6093
-6033
-6186
-6115
-5921
-5849
-5781
-5834
-6082
-5939
-6029
-5740
-5916
-5784
-6251
-6065
-6114
-6268
-5778
-5853
-5743
-6028
-6225
-6108
-5992
-6075
-6186
-6237
-6175
-5937
-5922
-6068
-5783
-5887
-6145
-6098
-6052
-6126
-5750
-6037
-5766
-6272
-6124
-5982
-6107
-6228
-6090
-6153
-5831
-6211
-5812
-6187
-5902
-6310
-5933
-5873
-5772
-6096
-6162
-6181
-6141
-6048
-5736
-6177
-5875
-5959
-5752
-6242
-5849
-5779
-6130
-5982
-6155
-6057
-5726
-6266
-5970
-6109
-5736
-6189
-6164
-5888
-5881
-5895
-6331
-5777
-5771
-5886
-6016
-6001
-6176
-6266
-5770
-5781
-6304
-6303
-5989
-6010
-5796
-6162
-5918
-5775
-5958
-6304
-5872
-6290
-6292
-6203
-6164
-5945
-5781
-6337
-6243
-5957
-6025
-5918
-5846
-6164
-6065
-5975
-5997
-5990
-6014
-5951
-6037
-5960
-5990
-6245
-6201
-5829
-6268
-5924
-6031
-6349
-5798
-5922
-5837
-5858
-5921
-6007
-6094
-6061
-5839
-5833
-6222
-6173
-5882
-5878
-6304
-5843
-6014
-6021
-6265
-6009
-6125
-6036
-6130
-5867
-5980
-5853
-6226
-5935
-6208
-6098
-6256
-6128
-6280
-5969
-6072
-5851
-6238
-6019
-6269
-6345
-6345
-6383
-5827
-5867
-5973
-6377
-6179
-5872
-6365
-5842
-6348
-6414
-6360
-6281
-6363
-6126
-6413
-6327
-6392
-6267
-6113
-6354
-6197
-6357
-6024
-6147
-6391
-6304
-5901
-6073
-5975
-5968
-6007
-6244
-6249
-6318
-6155
-6079
-6086
-6284
-6405
-6343
-6280
-6303
-6486
-6424
-6117
-6202
-6285
-6398
-5981
-6506
-6453
-6080
-6140
-6030
-6167
-6061
-5961
-5958
-6317
-6106
-6019
-5975
-6347
-6121
-6293
-5955
-6175
-6055
-6477
-6465
-6405
-6255
-6391
-6525
-6170
-6087
-6362
-6045
-6053
-6136
-6231
-6135
-6452
-6092
-6344
-6208
-6115
-5979
-5931
-6109
-6325
-6333
-6245
-6149
-6428
-6328
-6220
-6342
-6072
-5981
-6277
-6423
-6122
-6379
-6350
-6440
-6198
-6114
-6129
-6093
-6561
-6463
-6125
-6395
-6343
-6210
-6481
-6315
-6100
-6055
-6464
-6280
-6183
-5973
-6227
-6398
-6343
-6079
-6020
-6115
-6286
-6241
-6205
-6186
-6566
-6551
-6008
-6146
-6161
-6440
-6396
-6183
-6087
-6172
-5993
-6125
-6603
-6370
-6485
-6549
-6592
-6596
-6265
-6437
-6058
-6613
-6020
-6287
-6559
-6582
-6591
-6107
-6115
-6380
-6346
-6091
-6261
-6159
-6327
-6553
-6383
-6196
-6088
-6229
-6428
-6495
-6047
-6278
-6622
-6192
-6465
-6354
-6602
-6583
-6085
-6357
-6392
-6417
-6107
-6350
-6076
-6343
-6268
-6143
-6066
-6090
-6218
-6145
-6604
-6290
-6117
-6421
-6483
-6220
-6427
-6441
-6379
-6554
-6071
-6632
-6361
-6603
-6560
-6335
-6115
-6052
-6111
-6105
-6176
-6469
-6056
-6517
-6604
-6623
-6212
-6157
-6316
-6160
-6057
-6324
-6697
-6598
-6370
-6181
-6504
-6210
-6315
-6325
-6291
-6571
-6331
-6244
-6104
-6504
-6442
-6119
-6560
-6304
-6604
-6256
-6110
-6683
-6119
-6203
-6710
-6157
-6606
-6378
-6704
-6330
-6374
-6585
-6520
-6630
-6152
-6171
-6481
-6208
-6583
-6151
-6621
-6455
-6248
-6176
-6722
-6446
-6713
-6349
-6544
-6745
-6315
-6312
-6220
-6606
-6544
-6236
-6318
-6654
-6663
-6366
-6202
-6604
-6601
-6395
-6651
-6249
-6324
-6274
-6723
-6473
-6463
-6343
-6638
-6379
-6210
-6225
-6759
-6306
-6166
-6243
-6142
-6213
-6354
-6427
-6560
-6143
-6715
-6451
-6692
-6719
-6618
-6240
-6720
-6203
-6323
-6241
-6644
-6326
-6483
-6778
-6333
-6334
-6418
-6480
-6744
-6345
-6349
-6299
-6382
-6165
-6592
-6453
-6651
-6210
-6511
-6208
-6710
-6600
-6192
-6447
-6662
-6477
-6210
-6656
-6272
-6590
-6428
-6185
-6242
-6688
-6572
-6730
-6658
-6546
-6608
-6324
-6416
-6344
-6788
-6280
-6686
-6725
-6668
-6629
-6351
-6515
-6481
-6428
-6322
-6302
-6539
-6799
-6479
-6215
-6573
-6450
-6757
-6263
-6679
-6345
-6729
-6403
-6772
-6386
-6845
-6860
-6797
-6470
-6507
-6699
-6717
-6776
-6699
-6328
-6419
-6754
-6615
-6690
-6647
-6266
-6618
-6423
-6875
-6488
-6739
-6376
-6397
-6544
-6564
-6602
-6316
-6701
-6566
-6568
-6680
-6598
-6341
-6524
-6852
-6652
-6623
-6259
-6697
-6603
-6837
-6451
-6651
-6686
-6505
-6614
-6385
-6609
-6500
-6330
-6436
-6440
-6391
-6435
-6627
-6904
-6709
-6315
-6363
-6491
-6541
-6469
-6775
-6869
-6514
-6479
-6591
-6867
-6306
-6494
-6645
-6328
-6406
-6671
-6527
-6636
-6447
-6720
-6913
-6424
-6550
-6741
-6425
-6571
-6421
-6361
-6942
-6495
-6396
-6401
-6638
-6883
-6667
-6847
-6671
-6955
-6549
-6520
-6477
-6858
-6332
-6918
-6508
-6349
-6656
-6905
-6937
-6920
-6547
-6897
-6341
-6485
-6959
-6556
-6764
-6608
-6574
-6825
-6970
-6375
-6634
-6739
-6612
-6566
-6971
-6396
-6683
-6491
-6650
-6429
-6817
-6791
-6987
-6751
-6985
-6719
-6654
-6588
-6744
-6967
-6387
-6573
-6695
-6969
-6708
-6939
-6483
-6622
-6454
-6571
-6831
-6950
-6839
-6992
-6669
-6955
-6867
-6680
-6639
-6461
-6828
-7014
-6987
-6755
-7017
-6518
-6743
-6448
-6512
-6510
-6734
-6793
-6465
-6707
-6578
-7008
-6460
-6812
-6517
-6843
-6796
-6589
-6658
-6602
-6583
-6829
-6494
-6824
-7015
-6534
-6859
-6739
-6925
-6966
-6838
-6817
-6663
-6898
-6628
-6828
-6677
-6494
-6509
-6850
-6826
-7048
-6584
-6829
-6936
-6998
-6457
-6766
-6778
-6460
-6704
-6568
-6633
-7063
-6829
-6890
-6566
-6765
-6803
-6953
-6528
-6931
-6827
-6965
-6723
-6977
-6591
-6622
-6990
-6768
-6901
-7044
-6952
-6854
-6656
-6762
-6490
-6687
-6823
-6900
-6876
-6620
-6691
-6556
-6975
-6903
-7078
-6812
-6965
-6927
-6784
-6911
-6894
-6645
-6601
-6743
-6538
-6895
-6524
-6980
-6670
-6765
-6527
-6815
-7107
-7032
-6729
-6825
-6769
-6852
-6501
-6898
-7008
-6841
-6691
-6920
-6520
-6971
-6505
-6586
-7053
-7049
-7029
-6801
-6666
-6701
-6508
-6964
-6593
-6673
-6869
-6738
-6649
-7147
-6994
-6628
-7033
-6680
-7013
-7155
-7075
-6857
-6946
-6795
-6846
-7084
-6622
-6617
-6839
-6743
-6978
-6898
-7113
-6854
-6905
-6623
-7031
-6587
-7017
-6563
-6754
-6778
-7067
-6779
-6600
-7091
-7180
-6681
-6968
-7157
-6585
-6916
-6561
-6581
-6701
-7086
-7019
-7057
-7083
-6845
-7065
-6847
-6900
-7019
-7149
-6732
-7137
-7111
-6817
-7181
-6607
-7080
-6818
-6822
-6704
-6910
-6889
-6934
-6987
-7127
-6892
-6713
-7147
-7173
-7136
-7226
-6757
-7159
-6648
-6687
-7001
-6596
-6970
-6728
-7157
-7017
-7048
-7188
-6614
-6720
-6764
-6988
-7053
-7099
-6823
-7246
-6831
-7047
-7014
-6704
-6629
-6892
-7020
-6700
-6880
-6820
-7062
-7060
-6668
-6879
-6741
-7210
-6764
-7062
-6901
-6863
-7171
-6679
-6854
-6838
-7274
-7164
-7132
-7208
-6869
-7194
-6741
-7231
-7155
-7205
-6953
-7246
-7054
-7054
-7217
-6965
-7212
-6661
-7121
-6874
-6755
-7052
-6875
-7183
-6752
-6933
-7265
-6701
-7003
-6915
-6704
-6672
-7291
-7251
-7093
-7214
-7222
-6675
-7132
-6679
-6706
-7161
-7084
-7059
-7305
-6928
-6737
-6953
-6864
-6808
-7021
-6775
-7108
-7293
-7221
-7244
-7277
-6833
-6960
-7033
-7332
-7105
-7259
-7332
-6797
-6929
-7253
-7069
-6740
-6834
-6944
-6815
-6964
-7321
-6923
-7322
-7052
-6740
-7023
-6972
-7130
-6718
-6960
-6859
-6716
-7145
-7251
-7146
-7032
-6801
-7314
-6939
-6892
-7067
-6893
-7010
-7251
-6897
-7312
-7090
-7148
-7193
-7117
-7362
-6739
-7177
-6955
-6783
-7376
-7368
-7318
-7318
-6884
-7294
-7142
-7004
-7302
-7014
-7333
-6929
-7034
-6852
-6839
-7345
-7273
-6943
-6894
-7044
-7226
-6938
-6952
-6886
-6832
-7334
-7268
-7044
-7048
-7354
-7322
-6835
-7102
-7118
-7010
-6959
-7315
-6899
-7140
-7270
-7368
-6953
-7055
-7193
-6922
-7283
-7110
-7224
-7031
-7321
-6852
-7376
-7035
-6834
-6978
-7347
-7311
-7090
-6811
-6959
-7227
-7241
-7443
-7037
-7168
-7254
-7161
-7170
-6900
-7185
-6872
-7417
-7169
-7334
-7223
-7101
-6973
-7158
-7341
-6879
-7433
-6962
-7180
-7226
-7242
-6890
-7180
-7251
-7186
-7461
-7351
-7085
-7146
-7131
-7462
-6854
-6879
-6858
-7126
-7321
-7423
-7186
-7473
-7368
-6867
-7329
-6846
-7082
-7469
-6941
-6919
-7452
-6892
-6881
-7065
-7162
-7099
-6996
-7117
-7064
-7440
-6985
-6989
-7176
-7443
-6937
-7495
-6887
-7496
-7296
-7465
-7425
-7037
-7482
-7245
-7491
-7071
-6912
-7159
-6907
-7181
-7413
-6906
-7430
-7363
-7520
-6958
-7355
-7246
-6918
-7012
-7277
-7124
-7119
-7382
-6965
-7433
-7148
-6898
-7390
-7112
-7172
-7357
-7399
-7349
-7428
-6977
-7441
-7198
-7153
-7347
-6968
-7318
-6978
-7188
-7425
-7025
-7281
-7056
-7531
-7051
-7040
-7136
-7052
-7420
-7034
-6930
-7153
-7012
-7500
-7360
-7380
-7304
-7369
-7266
-7178
-7574
-7180
-7507
-7304
-7426
-7163
-7278
-7202
-6948
-7045
-6970
-7547
-7067
-7199
-7301
-7143
-7248
-7540
-7516
-7315
-7028
-7529
-7565
-7444
-7260
-7003
-7190
-7208
-7059
-7243
-7357
-6974
-7417
-6990
-7195
-7166
-7398
-7472
-7382
-7221
-6997
-7215
-7603
-7553
-7294
-7139
-7401
-7275
-7156
-7300
-7024
-7180
-7047
-7275
-7240
-7393
-7458
-7334
-7094
-7089
-7401
-7540
-7464
-7035
-7314
-7063
-7150
-7575
-7319
-7601
-7068
-7258
-7413
-7444
-7651
-7555
-7110
-7316
-7176
-7128
-7626
-7057
-7229
-7343
-7435
-7022
-7189
-7503
-7599
-7292
-7032
-7555
-7440
-7557
-7172
-7470
-7068
-7111
-7564
-7562
-7166
-7393
-7629
-7143
-7080
-7534
-7290
-7086
-7505
-7597
-7406
-7414
-7575
-7408
-7105
-7119
-7073
-7265
-7225
-7059
-7443
-7138
-7519
-7240
-7556
-7307
-7688
-7179
-7679
-7682
-7483
-7461
-7412
-7257
-7633
-7706
-7096
-7081
-7196
-7239
-7116
-7437
-7231
-7140
-7310
-7419
-7664
-7296
-7265
-7558
-7458
-7456
-7623
-7729
-7399
-7319
-7341
-7577
-7183
-7220
-7220
-7177
-7121
-7596
-7274
-7169
-7105
-7428
-7274
-7501
-7388
-7669
-7585
-7283
-7392
-7464
-7522
-7517
-7701
-7625
-7675
-7238
-7211
-7186
-7650
-7144
-7589
-7457
-7309
-7187
-7638
-7759
-7227
-7131
-7393
-7260
-7281
-7448
-7403
-7372
-7750
-7460
-7567
-7268
-7414
-7738
-7465
-7290
-7504
-7240
-7209
-7591
-7716
-7326
-7593
-7178
-7323
-7296
-7703
-7439
-7727
-7578
-7288
-7756
-7519
-7783
-7466
-7377
-7222
-7383
-7220
-7734
-7727
-7232
-7711
-7590
-7688
-7338
-7546
-7575
-7392
-7584
-7434
-7439
-7519
-7665
-7757
-7625
-7611
-7317
-7802
-7408
-7777
-7343
-7434
-7700
-7523
-7783
-7790
-7654
-7448
-7222
-7431
-7376
-7532
-7360
-7792
-7280
-7751
-7584
-7342
-7593
-7244
-7666
-7668
-7530
-7571
-7331
-7410
-7223
-7629
-7725
-7543
-7790
-7709
-7391
-7383
-7480
-7378
-7551
-7273
-7533
-7274
-7343
-7498
-7874
-7565
-7503
-7742
-7800
-7405
-7429
-7610
-7606
-7452
-7475
-7317
-7628
-7724
-7599
-7312
-7638
-7640
-7505
-7286
-7465
-7647
-7712
-7286
-7384
-7536
-7857
-7894
-7840
-7844
-7738
-7873
-7401
-7654
-7506
-7382
-7352
-7550
-7637
-7583
-7691
-7764
-7444
-7870
-7662
-7833
-7634
-7846
-7600
-7812
-7888
-7897
-7668
-7458
-7333
-7804
-7563
-7751
-7469
-7816
-7572
-7332
-7617
-7624
-7923
-7382
-7374
-7423
-7680
-7326
-7844
-7814
-7582
-7398
-7612
-7706
-7767
-7588
-7416
-7565
-7722
-7782
-7728
-7559
-7416
-7444
-7861
-7932
-7710
-7806
-7517
-7411
-7331
-7699
-7703
-7901
-7634
-7430
-7376
-7743
-7811
-7479
-7664
-7771
-7713
-7679
-7392
-7460
-7593
-7442
-7951
-7776
-7947
-7734
-7574
-7774
-7844
-7701
-7436
-7648
-7906
-7649
-7740
-7701
-7376
-7670
-7602
-7485
-7894
-7781
-7431
-7445
-7841
-7380
-7459
-7856
-7460
-7646
-7685
-7677
-7663
-7432
-7384
-7807
-7585
-7405
-8019
-7524
-7650
-8008
-7448
-7547
-7574
-7927
-7891
-7555
-7890
-7654
-7588
-7431
-7498
-7676
-7649
-7894
-7778
-7704
-7971
-7564
-7431
-7557
-7500
-7849
-7727
-7538
-7878
-8031
-7681
-7445
-7867
-7429
-7431
-7788
-7619
-7995
-7840
-7816
-7786
-7895
-7603
-7813
-7542
-7860
-7896
-7450
-7567
-7473
-7715
-7462
-7715
-8012
-7751
-7481
-7785
-7619
-7676
-7792
-7934
-8081
-7753
-7859
-7513
-7706
-7796
-7659
-8055
-7971
-7569
-8079
-8061
-7695
-7458
-7569
-8022
-7550
-7888
-7973
-7955
-7974
-7995
-7864
-7832
-7558
-7637
-7477
-7599
-7602
-7663
-7727
-7662
-7557
-8091
-7995
-7841
-7935
-7619
-7725
-7925
-7500
-7702
-7600
-7729
-8094
-7652
-7667
-7707
-7772
-7807
-7775
-7637
-7607
-7723
-7582
-7736
-7848
-7794
-7943
-8058
-7960
-7979
-7599
-7722
-7676
-7690
-8057
-7629
-7859
-7980
-7768
-7909
-7887
-7669
-7704
-7652
-8073
-7980
-7926
-8116
-7799
-7893
-7945
-7532
-7551
-7699
-7539
-8122
-7562
-7640
-8004
-7738
-8120
-7773
-7946
-7671
-7693
-7757
-8023
-8150
-7782
-7602
-7971
-7619
-8048
-7628
-7776
-7783
-7626
-7754
-8116
-8023
-7811
-8030
-7701
-8007
-8049
-7719
-8132
-8088
-7945
-7797
-7973
-7670
-8076
-8039
-7722
-8174
-7871
-7595
-7971
-8094
-7726
-8181
-7896
-7640
-8131
-7826
-8076
-8102
-8143
-7580
-8182
-7607
-8105
-7839
-8188
-8203
-7703
-7810
-7835
-7802
-7657
-8154
-8225
-7984
-7704
-7627
-7963
-8013
-7925
-7836
-7799
-7938
-7875
-7649
-8071
-7858
-8153
-7879
-7642
-8235
-8036
-7674
-7682
-8213
-7721
-7963
-7849
-8178
-7823
-8133
-7925
-8107
-7679
-8050
-7928
-8180
-7894
-7994
-8008
-8156
-8215
-8193
-7736
-8038
-8016
-7987
-7736
-7845
-7665
-7958
-8241
-7645
-7964
-8110
-7769
-8065
-7684
-8006
-7978
-8203
-7704
-7925
-8108
-8020
-7933
-8253
-7755
-7808
-7770
-8167
-8207
-8252
-8264
-8251
-7783
-7905
-7946
-8273
-7824
-7836
-7710
-7760
-8163
-7891
-8146
-7693
-8149
-7816
-7827
-7756
-7743
-7882
-7866
-8246
-7730
-8180
-7872
-8153
-8322
-8179
-8302
-8232
-7927
-8245
-8181
-7824
-7825
-8165
-8153
-8119
-8196
-7758
-7831
-8346
-7759
-8007
-8132
-8059
-8317
-7989
-7874
-7873
-7883
-7829
-7935
-8064
-8075
-8004
-7850
-7862
-7768
-7748
-8346
-7975
-8055
-8187
-8027
-8170
-8072
-8188
-8198
-8331
-7942
-8136
-8317
-8173
-8273
-8234
-8377
-7870
-7898
-8029
-8150
-8344
-7766
-7990
-7890
-8050
-8105
-8361
-8060
-8118
-8118
-8038
-7796
-7830
-8368
-7842
-8140
-7858
-8148
-7961
-7844
-8257
-8241
-8242
-8013
-8008
-8245
-7841
-8380
-7810
-7927
-8340
-8185
-7784
-7933
-8391
-7857
-7969
-8163
-8055
-8019
-8338
-8110
-7976
-8280
-8273
-7797
-8283
-7951
-8312
-7832
-8418
-8400
-8395
-8171
-8426
-7926
-8395
-8192
-8430
-8052
-8152
-8171
-8085
-8261
-8146
-8277
-8226
-8404
-8019
-8207
-8190
-8397
-8400
-8243
-8385
-7826
-8141
-7978
-8068
-8287
-7996
-7932
-8211
-8233
-8178
-7926
-8120
-7883
-8084
-8451
-8275
-7869
-8155
-8378
-8049
-8204
-7872
-7921
-8329
-8236
-8034
-8203
-8268
-8166
-8297
-8196
-8419
-8040
-8313
-8265
-8447
-8396
-8275
-8261
-8452
-8446
-8075
-8199
-8456
-8405
-7871
-8446
-8421
-8216
-8389
-8511
-8409
-8045
-8380
-8385
-8500
-7932
-7990
-7966
-8146
-8011
-8455
-8274
-8232
-8273
-7954
-8081
-8526
-8268
-8163
-8050
-8354
-8285
-8447
-8018
-8033
-8085
-8482
-8417
-8201
-8418
-8354
-8298
-8031
-8128
-8387
-8059
-8394
-8376
-8244
-8330
-8170
-8414
-8277
-8309
-8036
-8380
-7965
-8139
-8513
-8508
-8079
-8308
-8016
-8245
-8043
-8225
-8267
-7927
-8310
-8242
-8448
-8561
-8159
-8079
-8231
-8089
-8559
-8529
-8150
-8255
-7974
-8138
-8052
-8309
-8115
-8471
-8458
-8503
-8022
-8249
-8291
-8023
-8252
-8075
-8238
-8332
-8027
-8069
-8107
-8599
-8280
-8566
-8439
-8359
-7965
-8104
-8103
-8513
-8523
-8172
-8521
-7983
-8512
-8560
-8245
-8061
-8422
-8278
-8519
-8082
-8535
-8286
-8082
-8554
-7993
-8167
-8483
-8295
-8011
-8367
-8104
-8400
-8347
-8263
-8534
-8572
-8621
-8165
-8522
-8167
-8465
-8117
-8374
-8173
-8197
-8475
-8528
-8504
-8273
-8592
-8371
-8378
-8393
-8413
-8301
-8286
-8060
-8297
-8357
-8475
-8409
-8347
-8250
-8249
-8208
-8250
-8540
-8627
-8190
-8379
-8332
-8355
-8112
-8165
-8468
-8615
-8536
-8091
-8452
-8666
-8367
-8539
-8672
-8626
-8661
-8434
-8444
-8233
-8073
-8381
-8130
-8372
-8076
-8167
-8492
-8220
-8282
-8247
-8164
-8676
-8429
-8151
-8515
-8164
-8235
-8228
-8691
-8267
-8565
-8527
-8651
-8578
-8444
-8323
-8701
-8086
-8473
-8325
-8549
-8394
-8665
-8285
-8173
-8687
-8409
-8597
-8114
-8172
-8102
-8130
-8601
-8406
-8553
-8126
-8536
-8610
-8676
-8625
-8538
-8230
-8216
-8200
-8417
-8447
-8193
-8257
-8261
-8491
-8181
-8209
-8513
-8714
-8374
-8665
-8562
-8532
-8571
-8735
-8339
-8569
-8678
-8386
-8471
-8696
-8352
-8491
-8399
-8669
-8567
-8163
-8718
-8436
-8766
-8480
-8451
-8733
-8745
-8577
-8643
-8699
-8486
-8396
-8513
-8534
-8432
-8244
-8746
-8573
-8344
-8387
-8469
-8371
-8265
-8227
-8178
-8680
-8531
-8572
-8735
-8800
-8574
-8567
-8291
-8503
-8307
-8258
-8237
-8537
-8606
-8228
-8222
-8468
-8461
-8355
-8418
-8568
-8213
-8613
-8515
-8389
-8306
-8387
-8770
-8237
-8213
-8400
-8674
-8343
-8640
-8681
-8477
-8274
-8487
-8632
-8197
-8585
-8727
-8808
-8362
-8466
-8415
-8522
-8474
-8526
-8476
-8657
-8786
-8238
-8318
-8607
-8387
-8504
-8840
-8461
-8509
-8444
-8586
-8779
-8658
-8220
-8443
-8669
-8342
-8615
-8809
-8599
-8827
-8701
-8713
-8575
-8846
-8383
-8776
-8742
-8312
-8779
-8646
-8269
-8402
-8740
-8265
-8494
-8842
-8323
-8516
-8707
-8381
-8796
-8351
-8703
-8549
-8521
-8698
-8400
-8579
-8784
-8478
-8509
-8439
-8330
-8882
-8323
-8426
-8673
-8426
-8456
-8378
-8349
-8550
-8631
-8515
-8897
-8626
-8648
-8886
-8716
-8357
-8617
-8455
-8351
-8706
-8663
-8427
-8352
-8590
-8379
-8813
-8480
-8481
-8308
-8319
-8344
-8871
-8831
-8643
-8690
-8927
-8906
-8389
-8396
-8899
-8341
-8521
-8727
-8865
-8867
-8810
-8748
-8857
-8886
-8480
-8925
-8710
-8878
-8557
-8356
-8383
-8729
-8758
-8877
-8948
-8642
-8419
-8616
-8934
-8650
-8736
-8558
-8528
-8462
-8467
-8427
-8590
-8889
-8409
-8529
-8789
-8885
-8552
-8348
-8798
-8397
-8407
-8393
-8897
-8957
-8842
-8921
-8612
-8859
-8690
-8887
-8748
-8959
-8505
-8920
-8512
-8548
-8810
-8461
-8720
-8874
-8948
-8911
-8715
-9001
-8532
-8450
-8401
-8603
-8588
-8663
-8804
-8949
-8739
-8976
-8922
-8782
-8743
-8734
-8570
-8536
-8490
-8844
-8570
-8899
-9005
-8480
-8806
-8860
-8513
-8722
-8477
-8631
-8818
-8664
-8979
-8903
-8921
-8791
-8455
-8897
-8935
-8861
-8480
-8802
-8486
-8793
-8625
-8621
-8641
-8436
-9014
-8637
-9049
-8502
-8489
-8650
-9027
-8514
-8539
-8793
-8705
-8799
-8512
-9014
-8602
-8824
-9006
-8554
-8522
-8850
-8681
-8488
-8585
-8620
-8567
-8685
-8533
-8970
-8443
-8659
-8875
-9011
-8688
-8623
-8915
-9029
-8590
-8938
-8848
-8751
-9073
-8590
-8910
-9089
-8905
-8690
-8475
-8849
-8507
-8803
-9102
-8883
-9000
-8987
-8486
-9024
-8472
-8539
-8892
-8919
-9075
-8788
-8473
-9043
-8817
-8803
-8797
-8959
-8578
-8894
-8617
-8762
-9012
-8873
-8766
-8858
-8934
-8826
-8835
-8920
-8618
-9051
-8615
-9136
-9002
-9047
-8954
-8503
-8799
-8993
-8699
-8826
-8923
-8728
-8979
-9121
-8643
-9035
-8869
-8514
-8935
-8932
-8892
-9116
-8751
-9129
-8609
-8638
-8950
-9081
-8613
-8959
-8675
-8627
-8657
-8881
-8629
-8974
-8547
-9158
-8729
-8845
-8560
-9145
-8999
-8918
-9176
-8560
-8702
-8755
-8811
-8897
-8768
-8949
-9063
-9098
-8951
-8759
-9103
-8593
-8804
-8828
-8644
-8925
-8836
-8960
-9052
-8589
-8654
-8960
-8876
-8662
-8739
-9180
-8673
-8918
-8859
-8673
-8763
-8775
-8748
-8769
-8909
-8926
-8918
-9037
-8995
-9008
-9050
-8663
-8696
-9095
-9121
-8902
-8922
-9030
-8692
-8880
-9142
-8944
-8804
-9149
-8844
-8775
-8851
-8829
-8922
-8737
-8944
-8778
-9219
-9097
-8616
-8623
-8949
-9108
-9221
-9214
-8722
-8733
-9193
-8668
-8778
-9024
-8825
-9257
-9128
-8852
-9052
-8898
-8738
-8908
-9019
-8626
-8706
-9225
-9130
-8717
-9178
-8729
-8715
-9198
-8728
-9006
-8928
-9203
-8648
-9277
-8967
-8775
-8706
-9238
-9232
-8940
-8660
-8991
-8655
-8712
-9034
-8728
-8827
-8888
-8781
-9163
-8850
-9109
-9098
-9136
-9224
-8784
-9003
-9231
-8826
-9145
-8783
-8926
-9249
-8966
-8710
-9144
-8729
-8964
-8712
-9045
-8939
-8997
-8801
-9031
-8877
-9308
-8788
-8740
-8852
-8766
-8833
-9002
-9107
-9056
-8760
-9179
-8874
-9005
-8712
-9230
-8790
-9335
-8889
-9210
-8978
-9216
-9270
-9240
-8768
-8865
-9241
-8786
-9217
-8734
-9053
-9306
-9307
-8915
-9206
-9320
-8852
-9066
-9303
-8889
-9318
-9017
-8950
-8807
-8954
-8959
-9219
-9038
-9220
-8965
-9265
-8810
-8747
-9118
-8768
-9273
-9357
-9296
-8842
-9128
-8790
-9331
-8822
-8936
-8897
-9281
-9361
-8913
-8827
-8881
-9082
-9323
-8922
-9193
-9205
-9156
-8962
-8989
-9293
-8971
-9343
-9174
-9078
-9267
-8816
-9206
-9250
-8966
-9336
-9033
-9247
-8926
-8976
-9376
-8803
-9199
-9022
-8815
-9415
-9309
-9138
-9410
-9177
-8933
-8928
-9409
-9107
-8897
-8944
-9361
-9356
-9123
-9003
-9214
-9419
-9352
-9258
-9090
-9307
-8968
-9041
-8924
-9297
-9314
-9274
-9291
-9377
-9345
-9016
-9337
-9136
-8940
-8947
-9054
-8814
-9342
-9097
-9334
-9355
-9264
-8846
-8878
-9171
-9149
-9043
-9408
-9346
-9448
-9221
-9297
-8937
-9335
-9285
-9133
-9140
-9019
-9015
-9301
-9083
-9186
-9394
-9421
-9154
-9417
-9166
-9148
-9253
-9440
-9126
-9375
-9277
-9261
-9371
-9105
-9347
-9102
-9484
-9187
-8929
-9307
-9337
-9387
-9004
-9029
-9090
-9191
-9485
-9372
-9462
-8965
-8969
-9188
-8901
-9212
-9129
-9077
-9292
-9250
-9043
-9463
-9051
-9049
-9426
-9492
-9378
-8917
-9091
-9114
-9454
-9404
-9479
-9141
-9036
-9272
-9015
-8968
-9294
-9272
-8979
-9283
-9521
-9213
-8955
-9457
-9163
-9160
-9532
-8959
-9475
-9462
-9041
-8919
-9262
-8939
-9132
-9478
-8934
-9175
-9251
-9486
-9045
-8994
-8979
-9314
-9405
-9439
-9409
-9397
-9016
-9219
-9467
-9474
-9567
-9542
-9445
-9035
-9312
-8998
-9488
-9109
-9470
-9412
-9380
-9097
-9494
-9187
-9219
-9322
-9200
-9302
-9272
-9458
-9366
-9364
-9554
-9274
-9067
-9291
-9558
-9562
-9080
-9239
-9369
-9105
-9587
-8986
-9006
-9076
-9103
-9551
-9258
-9491
-8995
-9305
-9273
-9331
-9464
-9236
-9245
-9007
-9433
-9262
-9521
-9043
-9229
-9021
-9506
-9012
-9085
-9608
-9273
-9509
-9560
-9518
-9374
-9236
-9321
-9088
-9378
-9309
-9253
-9028
-9453
-9041
-9543
-9645
-9483
-9483
-9647
-9331
-9450
-9169
-9152
-9305
-9043
-9192
-9108
-9480
-9123
-9420
-9630
-9079
-9432
-9303
-9199
-9030
-9444
-9357
-9522
-9619
-9326
-9112
-9632
-9079
-9598
-9541
-9097
-9388
-9632
-9099
-9485
-9071
-9057
-9617
-9615
-9646
-9208
-9283
-9570
-9209
-9454
-9111
-9429
-9379
-9491
-9442
-9631
-9393
-9230
-9236
-9079
-9686
-9460
-9301
-9114
-9538
-9218
-9554
-9109
-9649
-9156
-9434
-9322
-9628
-9189
-9384
-9345
-9456
-9308
-9422
-9292
-9266
-9389
-9637
-9412
-9124
-9484
-9240
-9313
-9473
-9090
-9643
-9563
-9102
-9656
-9580
-9297
-9621
-9474
-9395
-9129
-9656
-9208
-9431
-9700
-9265
-9709
-9215
-9695
-9468
-9221
-9455
-9199
-9202
-9167
-9229
-9726
-9145
-9688
-9307
-9416
-9385
-9759
-9180
-9269
-9240
-9739
-9171
-9769
-9354
-9308
-9352
-9384
-9220
-9295
-9561
-9500
-9401
-9352
-9557
-9432
-9436
-9433
-9651
-9526
-9286
-9724
-9302
-9350
-9580
-9162
-9451
-9399
-9638
-9460
-9555
-9769
-9531
-9192
-9284
-9525
-9560
-9173
-9611
-9362
-9511
-9732
-9178
-9398
-9517
-9657
-9494
-9410
-9640
-9374
-9276
-9681
-9718
-9251
-9600
-9636
-9215
-9691
-9825
-9261
-9818
-9547
-9641
-9693
-9501
-9421
-9273
-9673
-9609
-9572
-9831
-9343
-9491
-9588
-9550
-9690
-9481
-9338
-9519
-9564
-9597
-9740
-9526
-9516
-9465
-9605
-9665
-9215
-9236
-9414
-9764
-9749
-9438
-9248
-9633
-9635
-9774
-9468
-9502
-9238
-9397
-9452
-9794
-9852
-9574
-9266
-9624
-9460
-9779
-9692
-9423
-9476
-9815
-9650
-9722
-9693
-9247
-9436
-9706
-9798
-9718
-9634
-9271
-9581
-9865
-9633
-9397
-9312
-9577
-9600
-9811
-9573
-9392
-9350
-9624
-9795
-9661
-9452
-9353
-9481
-9294
-9388
-9386
-9877
-9563
-9848
-9498
-9628
-9639
-9822
-9296
-9542
-9846
-9805
-9797
-9714
-9573
-9410
-9389
-9891
-9906
-9468
-9417
-9502
-9902
-9680
-9524
-9730
-9497
-9493
-9713
-9328
-9794
-9814
-9520
-9579
-9486
-9346
-9703
-9504
-9415
-9422
-9375
-9608
-9743
-9743
-9442
-9437
-9727
-9605
-9440
-9540
-9921
-9710
-9746
-9876
-9663
-9696
-9876
-9813
-9680
-9431
-9392
-9877
-9601
-9806
-9950
-9681
-9503
-9452
-9873
-9665
-9540
-9803
-9732
-9656
-9976
-9851
-9347
-9970
-9901
-9798
-9573
-9952
-9447
-9642
-9819
-9663
-9713
-9869
-9698
-9859
-9393
-9433
-9428
-9564
-9888
-9361
-9969
-9579
-9602
-9740
-9673
-9826
-9369
-9499
-9923
-9563
-9950
-9518
-9561
-9867
-9632
-9475
-9806
-9462
-9957
-9991
-10017
-9871
-9479
-9784
-9762
-9686
-9879
-9740
-9971
-9884
-10001
-9904
-9457
-9563
-9716
-9881
-9527
-9593
-9849
-9989
-9842
-9679
-9451
-10022
-9589
-9779
-9684
-9914
-9790
-9731
-9552
-9925
-9937
-9586
-9752
-9768
-9914
-9972
-9829
-9695
-10041
-9704
-9882
-9645
-9909
-9959
-9587
-9463
-9889
-9894
-9615
-9546
-9759
-9559
-9827
-9828
-9638
-9713
-9844
-9952
-9609
-9956
-9646
-9907
-9552
-9539
-10030
-9862
-9509
-9902
-9789
-9960
-9640
-9714
-9856
-9917
-9815
-9565
-9916
-9531
-9638
-10018
-10083
-9858
-9508
-9579
-9741
-10030
-9535
-9866
-9836
-9926
-10056
-10043
-10008
-9866
-9603
-9987
-9983
-9893
-9951
-9812
-9770
-9524
-9961
-9605
-9792
-10042
-9806
-10061
-9710
-9772
-9626
-10018
-10048
-9536
-9769
-9526
-9723
-9718
-9893
-10063
-9729
-10130
-10023
-10104
-9919
-9636
-10018
-10089
-9782
-10019
-9751
-10140
-9720
-10118
-9753
-9835
-9884
-9745
-9586
-9696
-10117
-9967
-9909
-9585
-9602
-10041
-9536
-9927
-9839
-10080
-9885
-10146
-10130
-10012
-10123
-10005
-9581
-9780
-9996
-9858
-9790
-9989
-9989
-9724
-10182
-9701
-9926
-10007
-9768
-9702
-9701
-9904
-9992
-9840
-10190
-10001
-9649
-10002
-9842
-9843
-9945
-10170
-10033
-10107
-9788
-9668
-10111
-9664
-9619
-10059
-9881
-9987
-9942
-10165
-9685
-9643
-9585
-9642
-9944
-10010
-10168
-9615
-9864
-9800
-9679
-9806
-9894
-9623
-9868
-9887
-10124
-10147
-9704
-10011
-9656
-9819
-10007
-9860
-9881
-10132
-9841
-9935
-9996
-9970
-9823
-9724
-9843
-10204
-9745
-10056
-9741
-10095
-9770
-10168
-9891
-10041
-9836
-9930
-10043
-9649
-10047
-9805
-10014
-9797
-9670
-9751
-10154
-10221
-10258
-10137
-9742
-10038
-10250
-10259
-9949
-10083
-10135
-9959
-10216
-10122
-9798
-10172
-9961
-9992
-9806
-10065
-9804
-9699
-9713
-10151
-10061
-10270
-9685
-10157
-9776
-10023
-9894
-10006
-9883
-10295
-9673
-9767
-10167
-10111
-10058
-10186
-9726
-9732
-10064
-9983
-10037
-10065
-9766
-9990
-9961
-10281
-9715
-9839
-9823
-10057
-9867
-9778
-9713
-10113
-10002
-10196
-10190
-9807
-10009
-9964
-10192
-10022
-10247
-10051
-9842
-9808
-10035
-10271
-10167
-10219
-10303
-10169
-9752
-10197
-9977
-9923
-9916
-10206
-9914
-10257
-10296
-9945
-9789
-9850
-10000
-10251
-9910
-9789
-9914
-10283
-9728
-10366
-10099
-9872
-10050
-9936
-9879
-10351
-10138
-9890
-9931
-9940
-9832
-10029
-10024
-9967
-10126
-9978
-10230
-9883
-10123
-10052
-9858
-10074
-10165
-10219
-10031
-10316
-9802
-9953
-10216
-9817
-10289
-9793
-10291
-10388
-10286
-10360
-9895
-10031
-10383
-10340
-9883
-10392
-10143
-10283
-10344
-10186
-9862
-9942
-10338
-9785
-10240
-9843
-9850
-10421
-10166
-9908
-10297
-9873
-10305
-10108
-10341
-10039
-10067
-9895
-9882
-10234
-9826
-9962
-9871
-9821
-10064
-10046
-10232
-10111
-10171
-10190
-10341
-10345
-10245
-10250
-10339
-10300
-10040
-9815
-9891
-10026
-10292
-10203
-9945
-10041
-10042
-10116
-10347
-9886
-9913
-9948
-10180
-10369
-10248
-10440
-10022
-10129
-10310
-10316
-9938
-9955
-10019
-10019
-10301
-10245
-9893
-9936
-9864
-10479
-10214
-9926
-10471
-10286
-10065
-9943
-10275
-10355
-10486
-10121
-10487
-10114
-10399
-10467
-10189
-9932
-10129
-10325
-10145
-10350
-9962
-10438
-9976
-9960
-10381
-10070
-10428
-10172
-10060
-10436
-10175
-10480
-10035
-9971
-9934
-9918
-9945
-10191
-10273
-10495
-10427
-10157
-10178
-9914
-10263
-10484
-10309
-9925
-10215
-10233
-10161
-10368
-9976
-10379
-10013
-10340
-10293
-10448
-9972
-10509
-10158
-10465
-10177
-9957
-10441
-10401
-9954
-10350
-10284
-9996
-10397
-9914
-10327
-9980
-10339
-10448
-10175
-10418
-10532
-10517
-10095
-10334
-10322
-10152
-10537
-10273
-9974
-10163
-10476
-9999
-10281
-9976
-10370
-10347
-10120
-10355
-10359
-9974
-10190
-10441
-10127
-10255
-10071
-10341
-10254
-10413
-10163
-10238
-10289
-10428
-10084
-9989
-10201
-10192
-10428
-10281
-10155
-10028
-10109
-10273
-10414
-10031
-10419
-10183
-9974
-10501
-9979
-10239
-10345
-10359
-10566
-10064
-10019
-10188
-10436
-10500
-10409
-10130
-10505
-10428
-10474
-10033
-10201
-10326
-10531
-10162
-10196
-10064
-10558
-10233
-10498
-10435
-10320
-10445
-10458
-10444
-10261
-10490
-10082
-10004
-10527
-10466
-10546
-10537
-10274
-10230
-10106
-10188
-10604
-10551
-10636
-10177
-10367
-10507
-10163
-10273
-10356
-10604
-10283
-10117
-10398
-10380
-10164
-10293
-10553
-10181
-10504
-10459
-10143
-10210
-10654
-10463
-10663
-10382
-10475
-10133
-10495
-10076
-10554
-10329
-10376
-10164
-10371
-10467
-10365
-10265
-10072
-10168
-10380
-10167
-10400
-10607
-10298
-10068
-10492
-10537
-10146
-10594
-10404
-10500
-10480
-10364
-10605
-10128
-10149
-10134
-10159
-10569
-10381
-10360
-10526
-10637
-10082
-10124
-10678
-10239
-10346
-10419
-10142
-10222
-10519
-10314
-10531
-10511
-10087
-10582
-10379
-10361
-10317
-10248
-10236
-10667
-10194
-10312
-10240
-10461
-10335
-10633
-10107
-10344
-10237
-10247
-10356
-10473
-10229
-10694
-10257
-10611
-10702
-10612
-10594
-10665
-10494
-10271
-10611
-10378
-10462
-10424
-10685
-10591
-10378
-10123
-10305
-10643
-10746
-10427
-10753
-10306
-10457
-10562
-10680
-10370
-10698
-10201
-10246
-10611
-10696
-10766
-10729
-10475
-10610
-10374
-10650
-10422
-10247
-10688
-10191
-10597
-10290
-10557
-10581
-10241
-10167
-10496
-10766
-10636
-10589
-10342
-10608
-10735
-10188
-10792
-10166
-10353
-10234
-10253
-10360
-10588
-10209
-10761
-10263
-10575
-10495
-10435
-10309
-10272
-10627
-10316
-10690
-10273
-10695
-10363
-10228
-10654
-10440
-10626
-10233
-10396
-10542
-10447
-10341
-10352
-10582
-10273
-10214
-10375
-10326
-10214
-10356
-10652
-10654
-10486
-10700
-10480
-10544
-10495
-10363
-10257
-10803
-10734
-10318
-10701
-10425
-10777
-10786
-10337
-10741
-10538
-10703
-10598
-10516
-10236
-10670
-10798
-10594
-10629
-10847
-10674
-10660
-10513
-10470
-10771
-10807
-10856
-10361
-10375
-10441
-10545
-10448
-10688
-10381
-10618
-10863
-10412
-10534
-10709
-10700
-10558
-10435
-10884
-10686
-10343
-10263
-10486
-10528
-10273
-10288
-10868
-10275
-10469
-10359
-10887
-10820
-10449
-10376
-10448
-10295
-10426
-10799
-10331
-10710
-10388
-10451
-10866
-10597
-10362
-10524
-10651
-10888
-10809
-10563
-10732
-10831
-10722
-10451
-10652
-10489
-10691
-10927
-10808
-10847
-10624
-10303
-10366
-10662
-10629
-10540
-10312
-10739
-10585
-10523
-10320
-10445
-10741
-10886
-10752
-10481
-10883
-10747
-10873
-10639
-10311
-10938
-10875
-10571
-10913
-10807
-10948
-10730
-10939
-10733
-10526
-10402
-10613
-10729
-10537
-10624
-10434
-10352
-10875
-10606
-10397
-10757
-10686
-10893
-10743
-10868
-10876
-10551
-10660
-10540
-10560
-10937
-10350
-10602
-10788
-10618
-10597
-10731
-10721
-10614
-10708
-10380
-10589
-10758
-10807
-10589
-10457
-10991
-10764
-10598
-10758
-10736
-10789
-10767
-10491
-10501
-10461
-10852
-10786
-10571
-10402
-10746
-10972
-10938
-10700
-10675
-10803
-10634
-10772
-10427
-10476
-10791
-10742
-10798
-10939
-10492
-10407
-10938
-10773
-10553
-10613
-10766
-10714
-10616
-11005
-10422
-10533
-10695
-10561
-11028
-10822
-10954
-10688
-10821
-11045
-10683
-10584
-10622
-10968
-10735
-11008
-10856
-10520
-11023
-10921
-10666
-10608
-10559
-10659
-10456
-10492
-10945
-10999
-10596
-10943
-10700
-10901
-10535
-10825
-11067
-10772
-10653
-10810
-10610
-10596
-10973
-10757
-10777
-10783
-11014
-10847
-10668
-10974
-10677
-10577
-10543
-11019
-10924
-11076
-10870
-11070
-10950
-10766
-10665
-10534
-10934
-10779
-10848
-11090
-10532
-11078
-10876
-10585
-10945
-10597
-10843
-11078
-11006
-10644
-10805
-10950
-11040
-10833
-10954
-10894
-10846
-10903
-11073
-10989
-10573
-10659
-10500
-10810
-11126
-10587
-10803
-10994
-10889
-10865
-10590
-10600
-10846
-11028
-11099
-10596
-10553
-11140
-10544
-10811
-10570
-10587
-10788
-11087
-10597
-10700
-11025
-10811
-11040
-11149
-10657
-10542
-10938
-11084
-10641
-10676
-11053
-11010
-11154
-10863
-11046
-10860
-10931
-10557
-10722
-10720
-11062
-10843
-11085
-11100
-10970
-10711
-10991
-10535
-11039
-10725
-11049
-10928
-10765
-10646
-10685
-10749
-10613
-10639
-11113
-10940
-10969
-10775
-10850
-11163
-11099
-10626
-11129
-11046
-11014
-10767
-10933
-11097
-10679
-10909
-10662
-10575
-11033
-10857
-10796
-10585
-10776
-11198
-10859
-10639
-10816
-10692
-10709
-11172
-10857
-10973
-10616
-10733
-10615
-11074
-11151
-10793
-10624
-11118
-10986
-10833
-11009
-11017
-10768
-11191
-10763
-11213
-10718
-10814
-11022
-10977
-11097
-10886
-10828
-11200
-10614
-10743
-10657
-10971
-11015
-11020
-10667
-11148
-11158
-10899
-10912
-10755
-10885
-10793
-11058
-10615
-10710
-11259
-11092
-11008
-10632
-10824
-10733
-11051
-10846
-10896
-11163
-10978
-10744
-11122
-11122
-11136
-10774
-10787
-10993
-11021
-10842
-10822
-11159
-10790
-11149
-11044
-11268
-10841
-10804
-11229
-11123
-10852
-11038
-11069
-10690
-10672
-10780
-10926
-11004
-10820
-10828
-11209
-11038
-10753
-10929
-10934
-11142
-10762
-11201
-11125
-10967
-11255
-10840
-10965
-10728
-10819
-10972
-10844
-11277
-10836
-11286
-10806
-11252
-10716
-11199
-11070
-11054
-11165
-11121
-10848
-11103
-10811
-11049
-10919
-10787
-10847
-11089
-10819
-11032
-10954
-11131
-10837
-11031
-10885
-11161
-11175
-11303
-10934
-11147
-10918
-11261
-11046
-11063
-10806
-11160
-10968
-11226
-11143
-10755
-10841
-10864
-11158
-10936
-11145
-11004
-11053
-10863
-10948
-11226
-10849
-11181
-10980
-11173
-10942
-11333
-10950
-11324
-11372
-11057
-11075
-11361
-10931
-11347
-11311
-10875
-11173
-10744
-11236
-11147
-11169
-11335
-10976
-11133
-11298
-11195
-11166
-10971
-10887
-11032
-11379
-11236
-11007
-11079
-11204
-11055
-10992
-11364
-10816
-11182
-10860
-10784
-10897
-11288
-11059
-10995
-11304
-11038
-11332
-11283
-10814
-11189
-11220
-10815
-11088
-11411
-10988
-11183
-10785
-11032
-11090
-11371
-11132
-11322
-11408
-11130
-11134
-11103
-11030
-11238
-11124
-10828
-11096
-11219
-11115
-11240
-10977
-10887
-10847
-11182
-11261
-11217
-10891
-11263
-11195
-10934
-11262
-11117
-11033
-11399
-11239
-10916
-11358
-10952
-11092
-11052
-11266
-10848
-11139
-11261
-11427
-10898
-11084
-11143
-10857
-11236
-10922
-11418
-11328
-11289
-11391
-11294
-10929
-11005
-11336
-11340
-11385
-11049
-11300
-11377
-11351
-11065
-11478
-11449
-11119
-11298
-11008
-11009
-10997
-11142
-10998
-11437
-11305
-11375
-11501
-11335
-11438
-11332
-10999
-11447
-11215
-11063
-11343
-11038
-11293
-11275
-11418
-10879
-11489
-10938
-10893
-11175
-11118
-11314
-11318
-11360
-11030
-11153
-10924
-11248
-10936
-11371
-11414
-11298
-11486
-11248
-10927
-11268
-11512
-11107
-11301
-11449
-11313
-11240
-11104
-10983
-11384
-10923
-11093
-11133
-11394
-11411
-10938
-10985
-11448
-10960
-11119
-11371
-11194
-11547
-11505
-11254
-11468
-11283
-11248
-11122
-11527
-11289
-11190
-11282
-11281
-11117
-11023
-11057
-11455
-11484
-11488
-10998
-10936
-11318
-11182
-11317
-11489
-11361
-10973
-11153
-11350
-11373
-11178
-10977
-11278
-11418
-11564
-11059
-11335
-11329
-11198
-11210
-11499
-11558
-11394
-11310
-10981
-11316
-11035
-11360
-11517
-11204
-10985
-11115
-11018
-11607
-11264
-11304
-11337
-11500
-11515
-11468
-11077
-11581
-11071
-11250
-11616
-11349
-11083
-11156
-11413
-11282
-11545
-10990
-11564
-11237
-11064
-11554
-11205
-11400
-11608
-11312
-11267
-11010
-11089
-11000
-11440
-11305
-11058
-11107
-11241
-11214
-11429
-11442
-11594
-11254
-11364
-11419
-11054
-11124
-11466
-11577
-11226
-11167
-11054
-11109
-11133
-11278
-11260
-11376
-11473
-11191
-11400
-11186
-11058
-11244
-11657
-11150
-11061
-11371
-11373
-11564
-11560
-11264
-11608
-11452
-11205
-11067
-11415
-11289
-11588
-11151
-11221
-11576
-11065
-11638
-11073
-11162
-11578
-11207
-11117
-11564
-11283
-11481
-11365
-11382
-11576
-11461
-11283
-11496
-11615
-11458
-11668
-11664
-11134
-11443
-11353
-11535
-11150
-11131
-11104
-11084
-11272
-11636
-11371
-11225
-11452
-11195
-11673
-11375
-11375
-11405
-11336
-11124
-11595
-11253
-11679
-11504
-11434
-11552
-11216
-11303
-11688
-11676
-11642
-11427
-11500
-11520
-11414
-11258
-11690
-11410
-11256
-11736
-11266
-11138
-11706
-11313
-11673
-11324
-11156
-11116
-11178
-11254
-11243
-11333
-11218
-11331
-11293
-11706
-11346
-11676
-11714
-11750
-11353
-11578
-11463
-11375
-11644
-11238
-11274
-11514
-11192
-11740
-11268
-11651
-11421
-11570
-11701
-11255
-11285
-11335
-11524
-11760
-11441
-11172
-11240
-11621
-11376
-11578
-11359
-11465
-11485
-11413
-11536
-11673
-11168
-11721
-11585
-11501
-11176
-11229
-11607
-11725
-11394
-11623
-11635
-11618
-11339
-11382
-11489
-11628
-11447
-11240
-11683
-11218
-11454
-11561
-11614
-11692
-11523
-11701
-11528
-11481
-11609
-11520
-11535
-11334
-11514
-11204
-11634
-11710
-11557
-11300
-11727
-11256
-11470
-11645
-11525
-11754
-11434
-11435
-11699
-11217
-11388
-11379
-11591
-11717
-11213
-11338
-11503
-11458
-11215
-11570
-11672
-11795
-11647
-11651
-11253
-11387
-11702
-11541
-11620
-11814
-11277
-11468
-11376
-11796
-11635
-11349
-11860
-11751
-11723
-11415
-11259
-11765
-11722
-11619
-11647
-11600
-11549
-11309
-11522
-11666
-11334
-11752
-11393
-11303
-11401
-11444
-11425
-11799
-11361
-11303
-11730
-11804
-11701
-11365
-11677
-11705
-11512
-11645
-11373
-11473
-11735
-11547
-11682
-11276
-11899
-11503
-11789
-11506
-11588
-11571
-11651
-11738
-11301
-11690
-11473
-11784
-11294
-11680
-11867
-11558
-11335
-11364
-11709
-11836
-11436
-11890
-11886
-11655
-11326
-11379
-11400
-11659
-11498
-11350
-11806
-11772
-11467
-11315
-11326
-11468
-11526
-11487
-11817
-11344
-11495
-11919
-11365
-11342
-11831
-11874
-11791
-11463
-11441
-11451
-11913
-11810
-11484
-11942
-11662
-11349
-11726
-11893
-11634
-11373
-11852
-11731
-11868
-11925
-11349
-11377
-11524
-11723
-11652
-11385
-11842
-11640
-11428
-11518
-11589
-11786
-11615
-11836
-11468
-11417
-11779
-11922
-11505
-11917
-11963
-11874
-11896
-11996
-11873
-11853
-11820
-11473
-11613
-11662
-11749
-11475
-11768
-11761
-11648
-11990
-11471
-11695
-11707
-11473
-11928
-11774
-11662
-11659
-11834
-11816
-11463
-11984
-11972
-11676
-12012
-11730
-11876
-11519
-11761
-11708
-11596
-11899
-11875
-11910
-11504
-11693
-11567
-11843
-11860
-11615
-11738
-11900
-11575
-11868
-11718
-11801
-11695
-11885
-11485
-11568
-11999
-12044
-11611
-11881
-11444
-11772
-11682
-11789
-11636
-11496
-11903
-11931
-11624
-11963
-11840
-11971
-11836
-11800
-11498
-11578
-11863
-12067
-11930
-11835
-11567
-11485
-11844
-11487
-11572
-11493
-11494
-11618
-11483
-12084
-11682
-11563
-11608
-11467
-11564
-11633
-11581
-11643
-11811
-11787
-11585
-11950
-11711
-11963
-11620
-12045
-12067
-11517
-11548
-11919
-12035
-11476
-11849
-11715
-11928
-11561
-12100
-11882
-11947
-12032
-11985
-11972
-11641
-12070
-11805
-11653
-11579
-11728
-11592
-12018
-12004
-11843
-11870
-11844
-12072
-11795
-11900
-12057
-12028
-12101
-11550
-11994
-12122
-11586
-11530
-11570
-12142
-12135
-12127
-11941
-12143
-11696
-12106
-11958
-12050
-11929
-11844
-11581
-11823
-11842
-11581
-11769
-11546
-11676
-11844
-12155
-11998
-12028
-11731
-11989
-11967
-12040
-11798
-11878
-11709
-11748
-11649
-11952
-12116
-11641
-11966
-11860
-11878
-11810
-11993
-11758
-12166
-11574
-11684
-11864
-11854
-11780
-12123
-11705
-11567
-12145
-11923
-11848
-11931
-11675
-12136
-11661
-12008
-12074
-11700
-11667
-11802
-12195
-11884
-12071
-12107
-11922
-11644
-11578
-11608
-11884
-11676
-12203
-11579
-11868
-12194
-12197
-11942
-11590
-11906
-11638
-11597
-11747
-11789
-11835
-11925
-12151
-12223
-12039
-11747
-12216
-11667
-12128
-11985
-12222
-11882
-11870
-11612
-11996
-12010
-12062
-11821
-11976
-11773
-12235
-12158
-12092
-12171
-11717
-11640
-11895
-12158
-11796
-11835
-11616
-11908
-11867
-11917
-11721
-11856
-12173
-11860
-12255
-12163
-12158
-11690